2.080456958919456312e-02
9.865799875346151215e-03
8.043329046713634800e-03
3.727781240384691209e-03
6.299753059147462052e-03
6.311587285307413558e-03
6.382592642267121731e-03
1.786968150152661462e-03
4.832309015313488235e-03
4.816530047100219848e-03
5.246506930911787499e-03
3.672554851638251423e-03
5.234672704751835992e-03
5.392462386884521591e-03
3.976299989743670681e-03
3.246522709880001085e-03
3.873736696357425301e-03
1.337267556074508328e-03
9.901302553826005735e-04
1.502946722313827903e-03
9.033459302096235807e-04
2.248502970390766210e-04
2.706093048575553429e-03
1.806691860419247161e-03
3.076898801587364413e-03
6.587719229039613140e-04
8.007826368233780931e-04
3.293859614519806678e-03
3.104511995960584306e-03
2.650866659829113643e-03
1.424051881247485321e-03
6.982193434371326054e-04
3.818510307610985515e-03
1.431941365354119514e-03
3.317528066839709258e-03
9.861855133292834769e-04
4.804695820940268342e-03
1.625233725966658983e-03
3.266246420146586785e-03
3.668610109584934109e-03
2.990114476414387421e-03
1.053246128235674770e-03
2.978280250254435914e-03
1.743575987566172965e-03
2.891495925081458921e-03
2.213000291910911799e-03
1.143975195461968642e-03
2.134105450844569433e-03
2.694258822415602356e-03
1.889531443538907058e-03
3.025617154894241507e-03
3.652831141371665723e-03
2.694258822415602356e-03
3.356975487372880658e-03
1.822470828632515765e-03
3.948686795370450787e-03
2.248502970390766319e-03
4.970374987179588351e-04
2.201166065750960726e-03
3.037451381054193014e-03
1.167643647781871439e-03
2.185387097537691906e-03
2.662700885989065149e-03
2.852048504548287521e-03
1.751465471672807375e-03
2.023652673351689427e-03
9.033459302096235807e-04
1.254427972954848432e-03
9.270143825295263772e-04
2.031542157458323620e-03
2.122271224684617926e-03
8.994011881563064841e-04
3.222854257560098072e-03
1.400383428927582524e-03
1.408272913034216717e-03
2.489132235643111164e-03
2.938832829721264514e-03
2.177497613431057712e-03
2.962501282041167527e-03
1.439830849460753707e-03
1.262317457061482842e-03
1.396438686874265211e-03
2.737650985002090635e-03
2.216945033964229112e-03
2.504911203856379984e-03
1.376714976607679728e-03
2.414182136630085677e-03
1.660736404446513286e-03
1.242593746794897142e-03
1.230759520634945635e-03
1.230759520634945635e-03
1.266262199114799938e-03
1.341212298127825425e-03
2.102547514418032226e-03
1.005909223595868960e-03
1.633123210073293393e-03
7.139983116504012087e-04
1.652846920339878876e-03
1.084804064662211760e-03
2.181442355484375026e-03
9.270143825295263772e-04
1.672570630606464576e-03
6.903298593304984122e-04
7.139983116504012087e-04
7.337220219169868001e-04
1.262317457061482842e-03
1.581841563380170486e-03
1.708073309086318879e-03
3.747504950651277017e-04
2.504911203856379984e-03
2.090713288258080720e-03
1.384604460714313921e-03
1.743575987566172965e-03
2.295839875030571912e-03
9.309591245828434738e-04
1.171588389835188752e-03
1.743575987566172965e-03
1.341212298127825425e-03
7.337220219169868001e-04
1.901365669698858347e-03
1.356991266341094028e-03
1.672570630606464576e-03
1.242593746794897142e-03
2.248502970390766210e-04
2.114381740577983733e-03
1.790912892205978558e-03
1.234704262688262732e-03
1.897420927645541251e-03
1.514780948473779193e-03
1.341212298127825316e-04
1.696239082926367372e-03
1.349101782234459618e-03
1.108472516982114556e-03
1.727797019352904579e-03
8.560090255698179877e-04
1.680460114713098986e-03
8.954564461029892791e-04
1.550283626953633496e-03
4.812585305046902860e-04
1.739631245512855869e-03
1.554228369006950593e-03
1.061135612342308963e-03
1.869807733272321358e-03
1.905310411752175444e-03
2.003928963085103727e-03
1.199201584208408645e-03
1.857973507112369851e-03
1.577896821326853390e-03
1.297820135541336928e-03
5.207059510378616316e-04
7.139983116504012087e-04
1.499001980260510807e-03
6.666614070105956157e-04
1.049301386182357456e-03
1.940813090232029747e-03
1.467444043833973600e-03
6.508824387973270124e-04
1.250483230901531335e-03
1.021688191809137563e-03
2.564082334656136650e-04
1.964481542551932327e-03
1.467444043833973600e-03
1.061135612342308963e-03
3.747504950651277017e-04
1.431941365354119514e-03
1.609454757753390596e-03
1.475333527940608010e-03
1.147919937515285956e-03
6.745508911172298089e-04
1.443775591514070804e-03
6.587719229039613140e-04
1.431941365354119514e-03
8.875669619963550859e-04
1.495057238207193710e-03
3.984189473850304982e-04
1.088748806715528856e-03
3.865847212250791000e-04
1.029577675915771973e-03
1.285985909381385638e-03
9.664618030626977770e-04
6.114350182641557210e-04
1.775133923992710172e-03
1.155809421621920149e-03
1.487167754100559300e-03
1.218925294474994345e-03
2.998003960521021614e-04
9.980197394892347668e-04
1.072969838502260253e-03
9.704065451160148736e-04
1.021688191809137563e-03
1.128196227248700256e-03
6.429929546906928192e-04
1.167643647781871439e-03
1.278096425274751228e-03
4.536453361314703387e-04
7.258325378103526069e-04
1.029577675915771973e-03
1.325433329914556821e-03
4.615348202381046403e-04
1.337267556074508328e-03
1.230759520634945635e-03
1.076914580555577566e-03
1.487167754100559300e-03
1.617344241860024789e-04
1.009853965649186273e-03
5.325401771978130298e-04
1.207091068315042839e-03
1.349101782234459618e-03
1.506891464367145000e-03
9.743512871693319703e-04
1.305709619647971121e-03
4.970374987179588351e-04
4.930927566646417385e-04
1.353046524287776714e-03
9.704065451160148736e-04
1.266262199114799938e-03
5.009822407712759317e-04
8.678432517297693860e-04
9.033459302096235807e-04
1.069025096448943156e-03
8.796774778897207842e-04
2.642977175722479666e-04
1.234704262688262732e-03
1.360936008394411124e-03
6.074902762108386244e-04
4.299768838115675422e-04
1.076914580555577566e-03
2.287950390923937447e-04
1.242593746794897142e-03
1.057190870288991866e-03
1.313599103754605531e-03
3.116346222120535596e-04
1.214980552421677249e-03
4.615348202381046403e-04
8.954564461029892791e-04
4.615348202381046403e-04
7.139983116504012087e-04
8.560090255698179877e-04
7.889484106634267761e-05
5.601533715710329230e-04
7.573904742368895967e-04
8.205063470899637930e-04
9.861855133292834769e-04
1.013798707702503370e-03
2.800766857855164615e-04
1.088748806715528856e-03
4.891480146113245334e-04
1.218925294474994345e-03
1.187367358048457139e-03
9.704065451160148736e-04
7.968378947700609964e-04
8.560090255698179877e-04
1.218925294474994345e-03
1.502946722313827903e-03
5.759323397843015262e-04
2.366845231990280193e-04
9.270143825295263772e-04
6.745508911172298089e-04
5.167612089845445350e-04
1.167643647781871439e-03
8.126168629833294913e-04
7.810589265567925016e-04
8.678432517297693860e-04
8.796774778897207842e-04
1.932923606125395500e-04
9.230696404762092806e-04
1.581841563380170486e-03
1.053246128235674770e-03
8.954564461029892791e-04
8.481195414631836861e-04
7.218877957570354019e-04
1.203146326261725742e-03
4.812585305046902860e-04
8.638985096764522894e-04
8.283958311965980946e-04
8.481195414631836861e-04
5.877665659442529245e-04
2.209055549857594702e-04
7.652799583435238983e-04
7.455562480769381984e-04
9.072906722629406773e-04
1.218925294474994345e-03
8.638985096764522894e-04
8.323405732499151912e-04
4.812585305046902860e-04
2.130160708791252228e-04
6.548271808506442174e-04
9.033459302096235807e-04
3.353030745319563561e-04
9.151801563695749790e-04
9.506828348494291737e-04
9.388486086894777755e-04
8.481195414631836861e-04
7.337220219169868001e-04
1.530559916687047797e-03
5.285954351444959332e-04
9.585723189560634754e-04
6.153797603174728176e-04
7.376667639703040052e-04
3.747504950651277017e-04
8.402300573565494929e-04
5.483191454110815247e-04
1.854028765059052754e-04
6.074902762108386244e-04
5.325401771978130298e-04
9.072906722629407587e-05
6.548271808506442174e-04
7.613352162902068017e-04
7.534457321835725000e-04
6.784956331705470139e-04
1.053246128235674770e-03
1.301764877594654079e-04
8.717879937830864826e-04
6.153797603174728176e-04
1.234704262688262732e-03
1.112417259035431653e-03
6.745508911172298089e-04
7.376667639703040052e-04
7.455562480769381984e-04
5.838218238909357195e-04
7.416115060236211018e-04
8.205063470899637930e-04
8.638985096764522894e-04
6.390482126373756141e-04
6.784956331705470139e-04
4.575900781847874895e-04
5.049269828245931367e-04
5.640981136243501280e-04
4.181426576516161439e-04
1.065080354395626060e-03
8.757327358364036876e-04
6.548271808506442174e-04
3.037451381054193122e-04
2.682424596255650632e-04
4.891480146113245334e-04
5.640981136243501280e-04
2.524634914122965684e-04
8.165616050366466963e-04
6.351034705840585175e-04
8.165616050366466963e-04
6.232692444241071193e-04
7.573904742368895967e-04
3.195241063186878071e-04
5.601533715710329230e-04
3.076898801587364088e-04
8.205063470899637930e-04
1.854028765059052754e-04
8.481195414631836861e-04
2.130160708791252228e-04
4.220873997049332947e-04
7.218877957570354019e-04
7.692247003968411033e-04
1.009853965649186273e-03
3.116346222120535596e-04
4.378663679182018438e-04
5.483191454110815247e-04
7.139983116504012087e-04
8.638985096764522894e-04
6.942746013838155088e-04
9.427933507427949805e-04
4.536453361314703387e-04
1.218925294474994345e-03
5.956560500508872261e-04
6.706061490639127123e-04
8.402300573565494929e-04
4.733690463980560386e-04
6.982193434371326054e-04
1.499001980260510807e-04
6.035455341575214194e-04
7.850036686101095982e-04
3.274135904253221087e-04
1.234704262688262732e-03
5.207059510378616316e-04
7.179430537037183053e-04
9.388486086894777755e-04
4.575900781847874895e-04
8.244510891432808896e-04
4.418111099715189404e-04
5.483191454110815247e-04
5.167612089845445350e-04
7.889484106634266948e-04
1.037467160022406167e-03
1.893476185592223992e-04
7.218877957570354019e-04
1.009853965649186273e-03
6.469376967440099158e-04
7.771141845034752966e-04
7.495009901302554034e-04
6.982193434371326054e-04
7.889484106634266948e-04
3.865847212250791000e-04
6.666614070105956157e-04
9.349038666361606789e-04
4.536453361314703387e-04
1.076914580555577566e-03
4.575900781847874895e-04
6.311587285307414209e-04
8.560090255698179877e-04
1.147919937515285956e-03
5.404296613044473315e-04
5.798770818376186229e-04
6.824403752238641105e-04
7.810589265567925016e-04
7.021640854904498104e-04
7.495009901302554034e-04
9.349038666361606789e-04
4.852032725580074368e-04
3.116346222120535596e-04
4.023636894383476490e-04
3.510820427452249052e-04
5.996007921042043227e-04
5.640981136243501280e-04
9.270143825295263772e-04
6.982193434371326054e-04
4.102531735449818965e-04
8.520642835165008911e-04
6.824403752238641105e-04
8.402300573565494929e-04
5.009822407712759317e-04
3.905294632783962508e-04
8.323405732499151912e-04
2.130160708791252228e-04
1.053246128235674770e-03
3.037451381054193122e-04
3.905294632783962508e-04
3.708057530118105509e-04
5.522638874643987297e-04
2.287950390923937447e-04
7.810589265567925016e-04
5.443744033577644281e-04
5.207059510378616316e-04
9.270143825295263772e-04
2.366845231990280193e-04
6.942746013838155088e-04
8.520642835165008911e-04
3.589715268518591526e-04
4.181426576516161439e-04
5.483191454110815247e-04
5.404296613044473315e-04
4.378663679182018438e-04
5.680428556776672246e-04
2.366845231990280193e-04
2.406292652523451430e-04
9.664618030626977770e-04
7.416115060236211018e-04
5.640981136243501280e-04
6.627166649572784106e-04
2.169608129324423465e-04
2.248502970390766210e-04
5.917113079975700482e-05
5.522638874643987297e-04
1.053246128235674770e-03
5.285954351444959332e-04
5.522638874643987297e-04
6.232692444241071193e-04
5.325401771978130298e-04
9.664618030626977770e-04
5.759323397843015262e-04
5.798770818376186229e-04
5.719875977309843212e-04
9.230696404762092806e-04
4.733690463980560386e-04
7.968378947700609964e-04
7.613352162902068017e-04
7.652799583435238983e-04
7.928931527167438998e-04
3.076898801587364088e-04
3.195241063186878071e-04
6.548271808506442174e-04
6.469376967440099158e-04
5.285954351444959332e-04
9.270143825295263772e-04
7.258325378103526069e-04
6.508824387973270124e-04
6.390482126373756141e-04
6.784956331705470139e-04
5.719875977309843212e-04
9.704065451160148736e-04
7.218877957570354019e-04
4.063084314916647457e-04
5.285954351444959332e-04
8.007826368233780931e-04
5.838218238909357195e-04
6.903298593304984122e-04
5.246506930911787282e-04
5.562086295177158263e-04
5.838218238909357195e-04
6.784956331705470139e-04
7.061088275437669070e-04
7.928931527167438998e-04
9.072906722629406773e-04
4.260321417582504456e-04
7.613352162902068017e-04
7.889484106634266948e-04
2.998003960521021614e-04
7.968378947700609964e-04
6.114350182641557210e-04
4.536453361314703387e-04
4.220873997049332947e-04
3.471373006919077544e-04
8.283958311965980133e-05
2.011818447191738245e-04
5.640981136243501280e-04
8.323405732499151912e-04
5.325401771978130298e-04
3.116346222120535596e-04
4.575900781847874895e-04
3.905294632783962508e-04
3.668610109584934001e-04
5.443744033577644281e-04
4.536453361314703387e-04
3.826399791717619491e-04
6.469376967440099158e-04
4.654795622914217369e-04
3.392478165852735070e-04
3.392478165852735070e-04
3.629162689051763035e-04
2.642977175722479666e-04
2.524634914122965684e-04
7.495009901302554034e-04
2.761319437321993649e-04
5.917113079975700211e-04
4.615348202381046403e-04
7.297772798636697035e-04
9.072906722629407587e-05
7.139983116504012087e-04
8.323405732499151912e-04
3.747504950651277017e-04
4.615348202381046403e-04
2.761319437321993649e-04
6.706061490639127123e-04
2.603529755189308158e-04
1.183422615995139995e-05
5.956560500508872261e-04
8.165616050366466963e-04
3.629162689051763035e-04
4.615348202381046403e-04
3.510820427452249052e-04
6.863851172771812071e-04
7.218877957570354019e-04
2.682424596255650632e-04
7.771141845034752966e-04
7.100535695970840307e-05
5.009822407712759317e-04
5.483191454110815247e-04
5.562086295177158263e-04
6.666614070105956157e-04
6.982193434371326054e-04
4.733690463980560386e-04
6.469376967440099158e-04
1.104527774928797351e-04
7.889484106634266948e-04
2.840214278388336123e-04
3.155793642653707104e-04
4.773137884513731894e-04
5.956560500508872261e-04
4.930927566646417385e-04
6.272139864774242159e-04
4.654795622914217369e-04
5.562086295177158263e-04
5.877665659442529245e-04
3.155793642653707104e-04
6.074902762108386244e-04
5.088717248779102333e-04
4.891480146113245334e-04
1.459554559727339299e-04
8.126168629833294913e-04
1.025632933862454741e-04
3.392478165852735070e-04
3.234688483720049579e-04
4.773137884513731894e-04
1.499001980260510807e-04
1.380659718660996824e-04
5.009822407712759317e-04
3.668610109584934001e-04
3.589715268518591526e-04
6.351034705840585175e-04
3.274135904253221087e-04
2.445740073056622667e-04
5.285954351444959332e-04
6.390482126373756141e-04
4.063084314916647457e-04
6.706061490639127123e-04
2.327397811457108685e-04
4.891480146113245334e-04
8.244510891432808896e-04
7.337220219169868001e-04
5.207059510378616316e-04
5.917113079975700211e-04
4.654795622914217369e-04
2.485187493589794175e-04
5.917113079975700211e-04
4.102531735449818965e-04
7.495009901302554034e-04
3.116346222120535596e-04
4.773137884513731894e-04
5.917113079975700211e-04
5.404296613044473315e-04
8.205063470899637930e-04
5.246506930911787282e-04
4.575900781847874895e-04
1.775133923992710009e-04
4.733690463980559979e-05
5.207059510378616316e-04
6.114350182641557210e-04
6.942746013838155088e-04
5.640981136243501280e-04
7.416115060236211018e-04
4.220873997049332947e-04
3.392478165852735070e-04
4.457558520248360912e-04
4.615348202381046403e-04
3.431925586385906036e-04
4.852032725580074368e-04
3.313583324786392053e-04
3.076898801587364088e-04
3.076898801587364088e-04
5.956560500508872261e-04
2.721872016788822140e-04
5.877665659442529245e-04
5.917113079975700211e-04
1.577896821326853552e-05
4.891480146113245334e-04
3.944742053317133881e-05
8.283958311965980133e-05
4.141979155982990473e-04
3.826399791717619491e-04
3.668610109584934001e-04
1.025632933862454741e-04
3.865847212250791000e-04
1.499001980260510807e-04
5.009822407712759317e-04
4.773137884513731894e-04
6.035455341575214194e-04
5.364849192511301264e-04
6.666614070105956157e-04
4.418111099715189404e-04
3.589715268518591526e-04
4.970374987179588351e-04
8.678432517297693860e-05
3.944742053317133881e-06
7.495009901302554034e-05
5.562086295177158263e-04
5.128164669312273706e-05
4.063084314916647457e-04
3.786952371184447983e-04
5.562086295177158263e-04
2.485187493589794175e-04
3.944742053317133881e-05
4.339216258648846930e-04
2.248502970390766210e-04
2.406292652523451430e-04
3.471373006919077544e-04
4.418111099715189404e-04
4.694243043447388877e-04
2.366845231990279990e-05
2.761319437321993649e-04
4.694243043447388877e-04
4.773137884513731894e-04
3.589715268518591526e-04
5.207059510378616316e-04
2.642977175722479666e-04
5.285954351444959332e-04
6.390482126373756141e-04
2.958556539987850106e-04
5.167612089845445350e-04
4.536453361314703387e-04
3.708057530118105509e-04
4.102531735449818965e-04
3.629162689051763035e-04
4.536453361314703387e-04
5.009822407712759317e-04
6.114350182641557210e-04
5.680428556776672246e-04
4.891480146113245334e-04
2.524634914122965684e-04
5.404296613044473315e-04
5.798770818376186229e-04
5.009822407712759317e-04
1.656791662393196027e-04
3.195241063186878071e-04
4.141979155982990473e-04
4.457558520248360912e-04
4.852032725580074368e-04
6.074902762108386244e-04
2.721872016788822140e-04
4.970374987179588351e-04
2.090713288258080720e-04
3.431925586385906036e-04
6.706061490639126581e-05
3.708057530118105509e-04
4.063084314916647457e-04
1.893476185592223992e-04
4.457558520248360912e-04
5.996007921042043227e-04
3.984189473850304982e-04
6.193245023707900226e-04
2.051265867724909482e-04
4.260321417582504456e-04
7.889484106634267761e-05
3.195241063186878071e-04
3.589715268518591526e-04
4.694243043447388877e-04
4.812585305046902860e-04
6.193245023707900226e-04
1.854028765059052754e-04
3.629162689051763035e-04
2.051265867724909482e-04
3.313583324786392053e-04
3.076898801587364088e-04
1.143975195461968724e-04
3.826399791717619491e-04
4.339216258648846930e-05
4.970374987179588351e-04
4.497005940781532421e-04
3.905294632783962508e-04
4.063084314916647457e-04
6.232692444241071193e-04
2.327397811457108685e-04
1.932923606125395500e-04
2.564082334656136650e-04
5.128164669312273299e-04
3.984189473850304982e-04
5.640981136243501280e-04
4.378663679182018438e-04
2.603529755189308158e-04
4.220873997049332947e-04
4.260321417582504456e-04
4.773137884513731894e-04
3.313583324786392053e-04
4.260321417582504456e-04
5.325401771978130298e-04
8.283958311965980133e-05
4.733690463980560386e-04
4.852032725580074368e-04
3.155793642653707104e-04
4.023636894383476490e-04
4.497005940781532421e-04
3.392478165852735070e-04
2.919109119454678597e-04
4.694243043447388877e-04
6.153797603174728176e-04
3.195241063186878071e-04
5.996007921042043227e-04
3.550267847985420018e-04
4.773137884513731894e-04
1.735686503459538772e-04
1.775133923992710009e-04
4.852032725580074368e-04
2.090713288258080720e-04
4.457558520248360912e-04
1.656791662393196027e-04
3.037451381054193122e-04
4.181426576516161439e-04
4.102531735449818965e-04
3.195241063186878071e-04
6.232692444241071193e-04
2.051265867724909482e-04
4.023636894383476490e-04
2.248502970390766210e-04
1.104527774928797351e-04
4.536453361314703387e-04
3.747504950651277017e-04
4.181426576516161439e-04
3.747504950651277017e-04
3.274135904253221087e-04
6.114350182641557210e-04
3.550267847985420018e-04
3.155793642653707104e-04
1.222870036528311334e-04
3.353030745319563561e-04
5.838218238909357195e-04
1.577896821326853552e-04
1.183422615995139995e-05
2.366845231990280193e-04
3.313583324786392053e-04
3.037451381054193122e-04
1.262317457061482842e-04
5.364849192511301264e-04
1.577896821326853552e-05
4.063084314916647457e-04
3.392478165852735070e-04
3.944742053317133474e-04
3.234688483720049579e-04
2.721872016788822140e-04
2.721872016788822140e-04
2.445740073056622667e-04
2.761319437321993649e-04
1.735686503459538772e-04
2.800766857855164615e-04
3.747504950651277017e-04
2.603529755189308158e-04
3.234688483720049579e-04
2.287950390923937447e-04
2.564082334656136650e-04
1.854028765059052754e-04
4.970374987179588351e-04
3.905294632783962508e-04
2.209055549857594702e-04
3.629162689051763035e-04
3.353030745319563561e-04
3.076898801587364088e-04
6.390482126373756141e-04
3.708057530118105509e-04
5.128164669312273299e-04
2.958556539987850106e-04
4.063084314916647457e-04
4.339216258648846930e-04
4.812585305046902860e-04
2.287950390923937447e-04
4.457558520248360912e-04
5.207059510378616316e-04
4.378663679182018438e-04
3.471373006919077544e-04
4.812585305046902860e-04
2.366845231990280193e-04
3.944742053317133474e-04
6.074902762108386244e-04
2.919109119454678597e-04
5.443744033577644281e-04
1.696239082926367535e-04
1.735686503459538772e-04
4.497005940781532421e-04
1.499001980260510807e-04
3.510820427452249052e-04
3.786952371184447983e-04
1.696239082926367535e-04
3.037451381054193122e-04
4.181426576516161439e-04
2.840214278388336123e-04
2.051265867724909482e-04
2.879661698921507631e-04
3.076898801587364088e-04
4.181426576516161439e-04
5.285954351444959332e-04
2.682424596255650632e-04
1.735686503459538772e-04
8.283958311965980133e-05
4.141979155982990473e-04
4.773137884513731894e-04
3.234688483720049579e-04
2.761319437321993649e-04
2.327397811457108685e-04
5.562086295177158263e-04
2.169608129324423465e-04
3.076898801587364088e-04
3.037451381054193122e-04
2.919109119454678597e-04
1.893476185592223992e-04
4.457558520248360912e-04
4.615348202381046403e-04
1.696239082926367535e-04
3.195241063186878071e-04
2.919109119454678597e-04
6.035455341575214194e-04
3.865847212250791000e-04
3.589715268518591526e-04
1.775133923992710009e-04
4.812585305046902860e-04
4.970374987179588351e-04
5.128164669312273299e-04
2.761319437321993649e-04
2.840214278388336123e-04
1.538449400793682044e-04
4.220873997049332947e-04
5.049269828245931367e-04
4.299768838115675422e-04
2.603529755189308158e-04
3.826399791717619491e-04
4.063084314916647457e-04
1.341212298127825316e-04
1.183422615995139995e-05
3.944742053317133881e-06
4.457558520248360912e-04
7.889484106634267761e-06
4.299768838115675422e-04
3.589715268518591526e-04
8.678432517297693860e-05
1.814581344525881517e-04
4.497005940781532421e-04
4.891480146113245334e-04
5.246506930911787282e-04
5.167612089845445350e-04
1.854028765059052754e-04
4.930927566646417385e-04
1.420107139194168061e-04
3.392478165852735070e-04
4.378663679182018438e-04
6.311587285307414209e-05
1.972371026658566737e-04
6.311587285307414209e-05
3.944742053317133881e-06
4.852032725580074368e-04
2.603529755189308158e-04
3.944742053317133881e-06
4.457558520248360912e-04
3.747504950651277017e-04
4.023636894383476490e-04
4.536453361314703387e-04
2.682424596255650632e-04
2.366845231990280193e-04
3.589715268518591526e-04
2.682424596255650632e-04
1.222870036528311334e-04
1.104527774928797351e-04
3.905294632783962508e-04
4.023636894383476490e-04
1.972371026658566737e-04
3.589715268518591526e-04
4.497005940781532421e-04
2.011818447191738245e-04
3.037451381054193122e-04
4.220873997049332947e-04
2.603529755189308158e-04
3.076898801587364088e-04
3.826399791717619491e-04
5.246506930911787282e-04
5.522638874643986755e-05
3.668610109584934001e-04
4.497005940781532421e-04
1.932923606125395500e-04
3.905294632783962508e-04
3.313583324786392053e-04
3.550267847985420018e-04
3.313583324786392053e-04
3.984189473850304982e-04
2.958556539987850106e-04
2.524634914122965684e-04
2.287950390923937447e-04
2.327397811457108685e-04
2.169608129324423465e-04
2.879661698921507631e-04
1.775133923992710009e-04
1.301764877594654079e-04
2.682424596255650632e-04
2.919109119454678597e-04
5.522638874643986755e-05
3.629162689051763035e-04
4.260321417582504456e-04
4.220873997049332947e-04
3.944742053317133881e-06
2.090713288258080720e-04
9.861855133292833685e-05
1.656791662393196027e-04
5.917113079975700482e-05
3.589715268518591526e-04
1.854028765059052754e-04
2.564082334656136650e-04
2.721872016788822140e-04
3.550267847985420154e-05
3.313583324786392053e-04
2.366845231990279990e-05
1.025632933862454741e-04
1.577896821326853552e-04
2.130160708791252228e-04
3.155793642653707104e-04
7.889484106634267761e-06
3.865847212250791000e-04
3.826399791717619491e-04
2.366845231990280193e-04
3.037451381054193122e-04
4.418111099715189404e-04
2.642977175722479666e-04
1.459554559727339299e-04
5.128164669312273299e-04
4.930927566646417385e-04
2.800766857855164615e-04
1.183422615995140096e-04
1.972371026658566737e-04
4.063084314916647457e-04
2.919109119454678597e-04
4.063084314916647457e-04
4.497005940781532421e-04
2.248502970390766210e-04
3.234688483720049579e-04
2.445740073056622667e-04
2.800766857855164615e-04
2.169608129324423465e-04
3.076898801587364088e-04
3.944742053317133474e-04
1.932923606125395500e-04
4.378663679182018438e-04
3.589715268518591526e-04
3.826399791717619491e-04
4.141979155982990473e-04
2.209055549857594702e-04
8.283958311965980133e-05
2.919109119454678597e-04
1.143975195461968724e-04
3.353030745319563561e-04
3.747504950651277017e-04
9.072906722629407587e-05
1.499001980260510807e-04
9.072906722629407587e-05
2.327397811457108685e-04
2.248502970390766210e-04
3.826399791717619491e-04
3.274135904253221087e-04
3.984189473850304982e-04
4.773137884513731894e-04
6.311587285307414209e-05
1.932923606125395500e-04
2.919109119454678597e-04
2.642977175722479666e-04
3.905294632783962508e-04
3.155793642653707104e-05
1.380659718660996824e-04
3.234688483720049579e-04
1.459554559727339299e-04
3.274135904253221087e-04
2.209055549857594702e-04
2.603529755189308158e-04
1.577896821326853552e-05
2.998003960521021614e-04
2.761319437321993649e-04
3.353030745319563561e-04
2.603529755189308158e-04
3.865847212250791000e-04
2.721872016788822140e-04
2.287950390923937447e-04
3.944742053317133881e-05
3.510820427452249052e-04
4.181426576516161439e-04
4.181426576516161439e-04
2.051265867724909482e-04
3.076898801587364088e-04
2.761319437321993649e-04
1.459554559727339299e-04
2.051265867724909482e-04
4.812585305046902860e-04
2.485187493589794175e-04
3.353030745319563561e-04
3.313583324786392053e-04
2.919109119454678597e-04
2.287950390923937447e-04
3.313583324786392053e-04
1.932923606125395500e-04
2.366845231990280193e-04
3.668610109584934001e-04
3.116346222120535596e-04
3.865847212250791000e-04
1.538449400793682044e-04
2.130160708791252228e-04
4.299768838115675422e-04
1.577896821326853552e-04
4.733690463980559979e-05
9.861855133292833685e-05
1.380659718660996824e-04
5.207059510378616316e-04
1.538449400793682044e-04
1.972371026658566737e-04
2.248502970390766210e-04
2.209055549857594702e-04
1.183422615995140096e-04
2.051265867724909482e-04
1.696239082926367535e-04
2.209055549857594702e-04
2.169608129324423465e-04
2.800766857855164615e-04
3.155793642653707104e-05
4.733690463980559979e-05
4.141979155982990473e-04
1.656791662393196027e-04
2.287950390923937447e-04
2.761319437321993649e-04
3.274135904253221087e-04
3.471373006919077544e-04
3.274135904253221087e-04
2.406292652523451430e-04
2.051265867724909482e-04
2.090713288258080720e-04
1.420107139194168061e-04
1.262317457061482842e-04
2.958556539987850106e-04
3.234688483720049579e-04
1.814581344525881517e-04
3.589715268518591526e-04
1.972371026658566940e-05
9.072906722629407587e-05
2.958556539987850106e-04
2.761319437321993649e-04
2.051265867724909482e-04
2.169608129324423465e-04
3.589715268518591526e-04
2.682424596255650632e-04
3.313583324786392053e-04
1.065080354395626114e-04
6.311587285307414209e-05
2.130160708791252228e-04
9.861855133292833685e-05
1.222870036528311334e-04
1.696239082926367535e-04
1.380659718660996824e-04
3.037451381054193122e-04
3.826399791717619491e-04
4.733690463980559979e-05
2.366845231990280193e-04
1.972371026658566737e-04
2.761319437321993378e-05
2.721872016788822140e-04
3.550267847985420018e-04
2.958556539987850106e-04
1.222870036528311334e-04
3.471373006919077544e-04
8.283958311965980133e-05
3.392478165852735070e-04
2.840214278388336123e-04
2.248502970390766210e-04
1.972371026658566737e-04
3.076898801587364088e-04
3.037451381054193122e-04
2.682424596255650632e-04
2.445740073056622667e-04
9.467380927961119958e-05
6.706061490639126581e-05
2.564082334656136650e-04
2.919109119454678597e-04
4.930927566646417385e-04
2.248502970390766210e-04
2.366845231990280193e-04
9.467380927961119958e-05
7.100535695970840307e-05
2.564082334656136650e-04
1.854028765059052754e-04
8.283958311965980133e-05
3.234688483720049579e-04
3.865847212250791000e-04
3.708057530118105509e-04
1.222870036528311334e-04
2.800766857855164615e-04
2.721872016788822140e-04
2.011818447191738245e-04
1.735686503459538772e-04
3.155793642653707104e-04
2.485187493589794175e-04
2.603529755189308158e-04
3.708057530118105509e-04
2.682424596255650632e-04
9.861855133292833685e-05
2.485187493589794175e-04
3.195241063186878071e-04
1.262317457061482842e-04
7.889484106634267761e-06
2.445740073056622667e-04
2.366845231990280193e-04
3.037451381054193122e-04
1.459554559727339299e-04
3.944742053317133474e-04
2.919109119454678597e-04
2.090713288258080720e-04
1.696239082926367535e-04
2.879661698921507631e-04
2.642977175722479666e-04
1.972371026658566737e-04
1.420107139194168061e-04
3.037451381054193122e-04
3.037451381054193122e-04
2.366845231990280193e-04
1.775133923992710009e-04
3.037451381054193122e-04
2.919109119454678597e-04
2.209055549857594702e-04
2.051265867724909482e-04
3.392478165852735070e-04
1.459554559727339299e-04
3.668610109584934001e-04
1.459554559727339299e-04
2.287950390923937447e-04
1.577896821326853552e-05
3.629162689051763035e-04
1.656791662393196027e-04
9.467380927961119958e-05
3.155793642653707104e-04
1.814581344525881517e-04
2.998003960521021614e-04
1.262317457061482842e-04
3.155793642653707104e-05
2.682424596255650632e-04
3.155793642653707104e-04
1.104527774928797351e-04
1.341212298127825316e-04
2.485187493589794175e-04
1.932923606125395500e-04
2.524634914122965684e-04
2.011818447191738245e-04
3.668610109584934001e-04
3.668610109584934001e-04
3.392478165852735070e-04
3.471373006919077544e-04
1.696239082926367535e-04
3.195241063186878071e-04
3.234688483720049579e-04
1.065080354395626114e-04
2.090713288258080720e-04
3.747504950651277017e-04
1.538449400793682044e-04
1.538449400793682044e-04
1.183422615995139995e-05
2.209055549857594702e-04
1.222870036528311334e-04
2.169608129324423465e-04
2.919109119454678597e-04
2.564082334656136650e-04
1.617344241860024789e-04
2.642977175722479666e-04
3.274135904253221087e-04
1.932923606125395500e-04
3.313583324786392053e-04
2.406292652523451430e-04
3.944742053317133881e-06
1.301764877594654079e-04
3.471373006919077544e-04
1.656791662393196027e-04
3.944742053317133881e-06
1.854028765059052754e-04
2.524634914122965684e-04
1.814581344525881517e-04
3.037451381054193122e-04
3.116346222120535596e-04
2.130160708791252228e-04
4.418111099715189404e-04
1.972371026658566737e-04
2.564082334656136650e-04
1.183422615995140096e-04
3.155793642653707104e-05
2.287950390923937447e-04
1.775133923992710009e-04
3.629162689051763035e-04
2.406292652523451430e-04
1.459554559727339299e-04
1.617344241860024789e-04
3.944742053317133881e-06
1.893476185592223992e-04
5.522638874643986755e-05
2.485187493589794175e-04
1.932923606125395500e-04
1.972371026658566940e-05
1.617344241860024789e-04
1.893476185592223992e-04
5.917113079975700482e-05
2.051265867724909482e-04
2.800766857855164615e-04
2.564082334656136650e-04
2.130160708791252228e-04
2.761319437321993649e-04
2.445740073056622667e-04
2.209055549857594702e-04
2.011818447191738245e-04
1.617344241860024789e-04
2.485187493589794175e-04
2.130160708791252228e-04
3.155793642653707104e-05
1.577896821326853552e-04
1.972371026658566737e-04
2.209055549857594702e-04
1.735686503459538772e-04
1.143975195461968724e-04
2.169608129324423465e-04
2.603529755189308158e-04
1.262317457061482842e-04
1.104527774928797351e-04
1.932923606125395500e-04
1.775133923992710009e-04
3.116346222120535596e-04
2.919109119454678597e-04
1.656791662393196027e-04
1.183422615995139995e-05
3.116346222120535596e-04
2.011818447191738245e-04
3.037451381054193122e-04
2.248502970390766210e-04
3.155793642653707104e-05
2.524634914122965684e-04
2.919109119454678597e-04
2.998003960521021614e-04
1.854028765059052754e-04
2.524634914122965684e-04
2.840214278388336123e-04
2.406292652523451430e-04
4.339216258648846930e-05
2.603529755189308158e-04
3.155793642653707104e-05
2.524634914122965684e-04
2.287950390923937447e-04
3.037451381054193122e-04
2.090713288258080720e-04
2.840214278388336123e-04
1.696239082926367535e-04
2.485187493589794175e-04
2.287950390923937447e-04
1.065080354395626114e-04
2.603529755189308158e-04
2.287950390923937447e-04
9.467380927961119958e-05
3.944742053317133881e-06
1.538449400793682044e-04
2.445740073056622667e-04
6.706061490639126581e-05
7.100535695970840307e-05
1.301764877594654079e-04
3.944742053317133881e-06
2.958556539987850106e-04
7.495009901302554034e-05
1.814581344525881517e-04
3.155793642653707104e-04
5.917113079975700482e-05
3.589715268518591526e-04
2.761319437321993649e-04
1.617344241860024789e-04
2.524634914122965684e-04
1.499001980260510807e-04
2.721872016788822140e-04
2.721872016788822140e-04
3.195241063186878071e-04
9.467380927961119958e-05
2.248502970390766210e-04
7.889484106634267761e-05
1.775133923992710009e-04
7.100535695970840307e-05
1.617344241860024789e-04
1.656791662393196027e-04
2.958556539987850106e-04
3.431925586385906036e-04
1.025632933862454741e-04
2.248502970390766210e-04
1.932923606125395500e-04
2.011818447191738245e-04
1.459554559727339299e-04
2.919109119454678597e-04
1.656791662393196027e-04
2.800766857855164615e-04
1.972371026658566737e-04
2.287950390923937447e-04
1.893476185592223992e-04
2.011818447191738245e-04
9.861855133292833685e-05
1.301764877594654079e-04
2.485187493589794175e-04
2.051265867724909482e-04
1.854028765059052754e-04
9.467380927961119958e-05
2.209055549857594702e-04
2.051265867724909482e-04
2.051265867724909482e-04
2.011818447191738245e-04
1.499001980260510807e-04
2.327397811457108685e-04
1.577896821326853552e-04
2.248502970390766210e-04
2.406292652523451430e-04
2.485187493589794175e-04
1.854028765059052754e-04
2.761319437321993649e-04
9.467380927961119958e-05
2.130160708791252228e-04
2.958556539987850106e-04
4.733690463980559979e-05
1.854028765059052754e-04
1.854028765059052754e-04
2.366845231990280193e-04
1.577896821326853552e-04
3.313583324786392053e-04
1.459554559727339299e-04
2.998003960521021614e-04
3.116346222120535596e-04
2.603529755189308158e-04
1.104527774928797351e-04
2.327397811457108685e-04
5.128164669312273706e-05
1.499001980260510807e-04
6.706061490639126581e-05
3.471373006919077544e-04
3.116346222120535596e-04
1.380659718660996824e-04
2.090713288258080720e-04
1.617344241860024789e-04
1.617344241860024789e-04
3.392478165852735070e-04
2.564082334656136650e-04
2.169608129324423465e-04
2.445740073056622667e-04
1.065080354395626114e-04
2.051265867724909482e-04
7.495009901302554034e-05
1.222870036528311334e-04
2.406292652523451430e-04
2.485187493589794175e-04
2.800766857855164615e-04
2.090713288258080720e-04
2.761319437321993649e-04
1.854028765059052754e-04
1.854028765059052754e-04
9.861855133292833685e-05
1.972371026658566737e-04
9.467380927961119958e-05
1.538449400793682044e-04
1.577896821326853552e-05
1.104527774928797351e-04
2.130160708791252228e-04
1.696239082926367535e-04
9.467380927961119958e-05
6.706061490639126581e-05
5.522638874643986755e-05
8.283958311965980133e-05
2.642977175722479666e-04
1.814581344525881517e-04
2.130160708791252228e-04
5.522638874643986755e-05
2.800766857855164615e-04
2.800766857855164615e-04
9.072906722629407587e-05
1.577896821326853552e-04
2.090713288258080720e-04
1.183422615995140096e-04
1.222870036528311334e-04
1.538449400793682044e-04
1.104527774928797351e-04
4.339216258648846930e-05
2.051265867724909482e-04
1.104527774928797351e-04
1.577896821326853552e-04
2.642977175722479666e-04
3.944742053317133881e-06
1.538449400793682044e-04
2.642977175722479666e-04
1.696239082926367535e-04
1.814581344525881517e-04
1.775133923992710009e-04
4.733690463980559979e-05
2.051265867724909482e-04
9.467380927961119958e-05
1.143975195461968724e-04
5.917113079975700482e-05
2.564082334656136650e-04
2.800766857855164615e-04
1.459554559727339299e-04
3.234688483720049579e-04
1.617344241860024789e-04
2.051265867724909482e-04
1.696239082926367535e-04
1.341212298127825316e-04
2.879661698921507631e-04
2.090713288258080720e-04
2.800766857855164615e-04
2.761319437321993649e-04
2.248502970390766210e-04
1.341212298127825316e-04
3.550267847985420154e-05
2.011818447191738245e-04
1.025632933862454741e-04
1.854028765059052754e-04
1.656791662393196027e-04
1.380659718660996824e-04
2.090713288258080720e-04
1.696239082926367535e-04
1.104527774928797351e-04
2.445740073056622667e-04
1.932923606125395500e-04
7.100535695970840307e-05
2.524634914122965684e-04
7.100535695970840307e-05
2.682424596255650632e-04
2.682424596255650632e-04
2.327397811457108685e-04
1.775133923992710009e-04
2.919109119454678597e-04
3.944742053317133881e-06
2.248502970390766210e-04
4.339216258648846930e-05
2.011818447191738245e-04
2.287950390923937447e-04
1.577896821326853552e-04
1.932923606125395500e-04
3.076898801587364088e-04
2.445740073056622667e-04
2.761319437321993649e-04
6.311587285307414209e-05
2.011818447191738245e-04
2.051265867724909482e-04
1.814581344525881517e-04
1.854028765059052754e-04
1.696239082926367535e-04
2.327397811457108685e-04
1.617344241860024789e-04
2.485187493589794175e-04
1.538449400793682044e-04
2.327397811457108685e-04
2.564082334656136650e-04
3.550267847985420154e-05
1.932923606125395500e-04
1.577896821326853552e-05
3.944742053317133881e-05
2.998003960521021614e-04
1.735686503459538772e-04
7.495009901302554034e-05
2.169608129324423465e-04
1.499001980260510807e-04
2.445740073056622667e-04
1.499001980260510807e-04
2.642977175722479666e-04
1.341212298127825316e-04
3.944742053317133881e-05
2.366845231990280193e-04
2.169608129324423465e-04
2.209055549857594702e-04
2.721872016788822140e-04
1.696239082926367535e-04
1.025632933862454741e-04
1.183422615995140096e-04
1.617344241860024789e-04
7.495009901302554034e-05
3.155793642653707104e-05
1.183422615995139995e-05
2.327397811457108685e-04
1.380659718660996824e-04
2.169608129324423465e-04
7.889484106634267761e-05
2.840214278388336123e-04
6.311587285307414209e-05
2.879661698921507631e-04
1.696239082926367535e-04
2.327397811457108685e-04
1.854028765059052754e-04
2.366845231990279990e-05
2.011818447191738245e-04
2.209055549857594702e-04
5.917113079975700482e-05
3.076898801587364088e-04
8.678432517297693860e-05
1.380659718660996824e-04
1.499001980260510807e-04
1.854028765059052754e-04
6.311587285307414209e-05
1.499001980260510807e-04
8.283958311965980133e-05
2.090713288258080720e-04
7.889484106634267761e-05
2.366845231990280193e-04
2.682424596255650632e-04
2.090713288258080720e-04
1.341212298127825316e-04
1.538449400793682044e-04
2.327397811457108685e-04
1.893476185592223992e-04
2.800766857855164615e-04
1.735686503459538772e-04
2.327397811457108685e-04
1.854028765059052754e-04
2.564082334656136650e-04
1.025632933862454741e-04
2.642977175722479666e-04
1.183422615995140096e-04
1.301764877594654079e-04
1.577896821326853552e-04
1.775133923992710009e-04
1.499001980260510807e-04
2.761319437321993649e-04
2.287950390923937447e-04
2.761319437321993378e-05
1.656791662393196027e-04
8.283958311965980133e-05
8.678432517297693860e-05
2.642977175722479666e-04
7.100535695970840307e-05
2.366845231990279990e-05
2.169608129324423465e-04
1.341212298127825316e-04
7.889484106634267761e-06
2.366845231990279990e-05
9.861855133292833685e-05
2.051265867724909482e-04
2.287950390923937447e-04
2.406292652523451430e-04
2.761319437321993649e-04
1.104527774928797351e-04
2.130160708791252228e-04
1.696239082926367535e-04
3.944742053317133881e-05
1.735686503459538772e-04
1.696239082926367535e-04
2.485187493589794175e-04
1.617344241860024789e-04
1.932923606125395500e-04
1.972371026658566737e-04
1.459554559727339299e-04
2.090713288258080720e-04
1.735686503459538772e-04
8.283958311965980133e-05
1.932923606125395500e-04
1.499001980260510807e-04
8.678432517297693860e-05
2.090713288258080720e-04
1.814581344525881517e-04
2.564082334656136650e-04
1.380659718660996824e-04
1.972371026658566737e-04
6.311587285307414209e-05
7.889484106634267761e-05
2.169608129324423465e-04
9.072906722629407587e-05
2.287950390923937447e-04
3.155793642653707104e-05
1.854028765059052754e-04
1.538449400793682044e-04
6.706061490639126581e-05
1.775133923992710009e-04
1.972371026658566737e-04
3.550267847985420154e-05
1.696239082926367535e-04
1.656791662393196027e-04
2.603529755189308158e-04
1.420107139194168061e-04
2.051265867724909482e-04
1.617344241860024789e-04
2.761319437321993378e-05
1.617344241860024789e-04
3.550267847985420154e-05
1.183422615995140096e-04
1.183422615995140096e-04
1.065080354395626114e-04
1.932923606125395500e-04
2.406292652523451430e-04
2.209055549857594702e-04
1.459554559727339299e-04
1.183422615995139995e-05
8.678432517297693860e-05
2.603529755189308158e-04
7.495009901302554034e-05
2.287950390923937447e-04
1.775133923992710009e-04
2.761319437321993378e-05
2.248502970390766210e-04
2.130160708791252228e-04
1.972371026658566940e-05
1.301764877594654079e-04
1.617344241860024789e-04
1.577896821326853552e-04
1.262317457061482842e-04
1.301764877594654079e-04
2.011818447191738245e-04
2.366845231990279990e-05
1.065080354395626114e-04
1.459554559727339299e-04
5.522638874643986755e-05
1.972371026658566737e-04
1.656791662393196027e-04
7.100535695970840307e-05
1.301764877594654079e-04
2.169608129324423465e-04
1.617344241860024789e-04
2.130160708791252228e-04
1.696239082926367535e-04
2.406292652523451430e-04
1.183422615995139995e-05
3.155793642653707104e-05
2.130160708791252228e-04
7.100535695970840307e-05
2.209055549857594702e-04
1.735686503459538772e-04
9.467380927961119958e-05
1.025632933862454741e-04
1.656791662393196027e-04
1.301764877594654079e-04
1.972371026658566737e-04
7.100535695970840307e-05
1.656791662393196027e-04
2.130160708791252228e-04
1.183422615995140096e-04
1.025632933862454741e-04
1.972371026658566940e-05
1.104527774928797351e-04
2.130160708791252228e-04
2.090713288258080720e-04
1.143975195461968724e-04
9.861855133292833685e-05
2.248502970390766210e-04
1.854028765059052754e-04
1.301764877594654079e-04
1.577896821326853552e-05
2.130160708791252228e-04
8.283958311965980133e-05
2.090713288258080720e-04
2.366845231990280193e-04
1.459554559727339299e-04
1.814581344525881517e-04
1.972371026658566940e-05
9.072906722629407587e-05
1.459554559727339299e-04
2.564082334656136650e-04
2.366845231990280193e-04
1.262317457061482842e-04
1.696239082926367535e-04
1.420107139194168061e-04
1.420107139194168061e-04
1.854028765059052754e-04
8.678432517297693860e-05
1.301764877594654079e-04
1.577896821326853552e-04
2.130160708791252228e-04
2.800766857855164615e-04
1.577896821326853552e-04
9.467380927961119958e-05
1.183422615995139995e-05
1.854028765059052754e-04
1.341212298127825316e-04
8.283958311965980133e-05
1.222870036528311334e-04
1.854028765059052754e-04
1.893476185592223992e-04
9.861855133292833685e-05
1.656791662393196027e-04
1.222870036528311334e-04
1.459554559727339299e-04
1.380659718660996824e-04
3.550267847985420154e-05
1.577896821326853552e-05
7.889484106634267761e-06
1.183422615995139995e-05
1.854028765059052754e-04
5.128164669312273706e-05
1.183422615995140096e-04
1.893476185592223992e-04
1.735686503459538772e-04
1.065080354395626114e-04
2.366845231990279990e-05
2.603529755189308158e-04
1.538449400793682044e-04
1.854028765059052754e-04
1.656791662393196027e-04
5.522638874643986755e-05
1.499001980260510807e-04
5.522638874643986755e-05
1.972371026658566940e-05
2.366845231990279990e-05
7.889484106634267761e-05
1.696239082926367535e-04
2.248502970390766210e-04
1.262317457061482842e-04
3.944742053317133881e-06
1.459554559727339299e-04
1.893476185592223992e-04
5.917113079975700482e-05
2.761319437321993378e-05
1.932923606125395500e-04
1.972371026658566940e-05
1.459554559727339299e-04
1.143975195461968724e-04
1.577896821326853552e-05
5.522638874643986755e-05
1.065080354395626114e-04
1.538449400793682044e-04
2.130160708791252228e-04
1.854028765059052754e-04
4.733690463980559979e-05
5.128164669312273706e-05
1.341212298127825316e-04
2.327397811457108685e-04
1.301764877594654079e-04
1.341212298127825316e-04
1.459554559727339299e-04
8.678432517297693860e-05
1.617344241860024789e-04
2.406292652523451430e-04
1.893476185592223992e-04
1.459554559727339299e-04
1.459554559727339299e-04
1.932923606125395500e-04
2.051265867724909482e-04
5.917113079975700482e-05
1.262317457061482842e-04
1.420107139194168061e-04
1.420107139194168061e-04
1.617344241860024789e-04
1.617344241860024789e-04
1.972371026658566737e-04
2.287950390923937447e-04
1.972371026658566940e-05
3.944742053317133881e-06
9.467380927961119958e-05
3.550267847985420154e-05
1.143975195461968724e-04
1.617344241860024789e-04
1.183422615995139995e-05
1.696239082926367535e-04
1.617344241860024789e-04
7.889484106634267761e-06
5.522638874643986755e-05
1.735686503459538772e-04
2.761319437321993378e-05
1.380659718660996824e-04
1.617344241860024789e-04
1.222870036528311334e-04
1.972371026658566940e-05
1.025632933862454741e-04
1.420107139194168061e-04
1.932923606125395500e-04
9.072906722629407587e-05
2.130160708791252228e-04
1.025632933862454741e-04
2.130160708791252228e-04
2.327397811457108685e-04
1.893476185592223992e-04
2.090713288258080720e-04
1.420107139194168061e-04
9.072906722629407587e-05
2.011818447191738245e-04
1.222870036528311334e-04
2.761319437321993378e-05
1.183422615995140096e-04
1.341212298127825316e-04
1.972371026658566737e-04
1.814581344525881517e-04
3.155793642653707104e-05
1.577896821326853552e-04
1.143975195461968724e-04
1.696239082926367535e-04
1.143975195461968724e-04
1.538449400793682044e-04
1.341212298127825316e-04
1.735686503459538772e-04
1.380659718660996824e-04
1.972371026658566737e-04
1.854028765059052754e-04
1.972371026658566940e-05
7.100535695970840307e-05
1.499001980260510807e-04
2.209055549857594702e-04
1.222870036528311334e-04
1.183422615995140096e-04
1.104527774928797351e-04
7.100535695970840307e-05
1.656791662393196027e-04
7.100535695970840307e-05
2.248502970390766210e-04
6.706061490639126581e-05
5.917113079975700482e-05
1.696239082926367535e-04
5.128164669312273706e-05
1.696239082926367535e-04
5.917113079975700482e-05
2.209055549857594702e-04
1.499001980260510807e-04
2.209055549857594702e-04
1.775133923992710009e-04
1.617344241860024789e-04
2.366845231990279990e-05
1.656791662393196027e-04
1.775133923992710009e-04
1.183422615995140096e-04
1.735686503459538772e-04
1.656791662393196027e-04
1.065080354395626114e-04
4.339216258648846930e-05
8.678432517297693860e-05
3.944742053317133881e-06
9.861855133292833685e-05
1.025632933862454741e-04
7.495009901302554034e-05
1.459554559727339299e-04
1.814581344525881517e-04
1.143975195461968724e-04
6.706061490639126581e-05
3.944742053317133881e-06
1.459554559727339299e-04
1.893476185592223992e-04
1.301764877594654079e-04
1.814581344525881517e-04
1.538449400793682044e-04
1.222870036528311334e-04
1.577896821326853552e-04
1.735686503459538772e-04
1.222870036528311334e-04
1.854028765059052754e-04
1.065080354395626114e-04
2.090713288258080720e-04
2.051265867724909482e-04
1.459554559727339299e-04
7.889484106634267761e-06
1.775133923992710009e-04
1.656791662393196027e-04
1.380659718660996824e-04
8.678432517297693860e-05
8.678432517297693860e-05
1.183422615995139995e-05
1.577896821326853552e-04
2.090713288258080720e-04
1.932923606125395500e-04
8.678432517297693860e-05
6.706061490639126581e-05
1.301764877594654079e-04
7.889484106634267761e-05
1.932923606125395500e-04
3.550267847985420154e-05
1.775133923992710009e-04
8.283958311965980133e-05
1.222870036528311334e-04
1.104527774928797351e-04
1.617344241860024789e-04
1.617344241860024789e-04
3.944742053317133881e-06
1.656791662393196027e-04
1.143975195461968724e-04
1.735686503459538772e-04
2.011818447191738245e-04
1.262317457061482842e-04
1.183422615995140096e-04
2.169608129324423465e-04
1.459554559727339299e-04
7.495009901302554034e-05
1.262317457061482842e-04
2.761319437321993378e-05
2.090713288258080720e-04
7.100535695970840307e-05
1.538449400793682044e-04
1.577896821326853552e-05
7.100535695970840307e-05
8.283958311965980133e-05
1.656791662393196027e-04
1.143975195461968724e-04
1.577896821326853552e-05
1.932923606125395500e-04
1.183422615995140096e-04
1.065080354395626114e-04
1.262317457061482842e-04
1.577896821326853552e-04
2.011818447191738245e-04
1.577896821326853552e-04
2.011818447191738245e-04
1.538449400793682044e-04
1.143975195461968724e-04
1.617344241860024789e-04
5.917113079975700482e-05
1.341212298127825316e-04
8.678432517297693860e-05
3.550267847985420154e-05
1.499001980260510807e-04
7.100535695970840307e-05
1.538449400793682044e-04
6.706061490639126581e-05
2.051265867724909482e-04
1.420107139194168061e-04
1.538449400793682044e-04
3.944742053317133881e-06
5.917113079975700482e-05
8.283958311965980133e-05
6.311587285307414209e-05
9.861855133292833685e-05
5.128164669312273706e-05
1.932923606125395500e-04
1.301764877594654079e-04
1.696239082926367535e-04
9.467380927961119958e-05
7.889484106634267761e-05
8.678432517297693860e-05
1.893476185592223992e-04
2.051265867724909482e-04
1.222870036528311334e-04
1.459554559727339299e-04
1.459554559727339299e-04
1.932923606125395500e-04
1.025632933862454741e-04
8.283958311965980133e-05
1.025632933862454741e-04
1.262317457061482842e-04
3.155793642653707104e-05
2.169608129324423465e-04
1.104527774928797351e-04
1.735686503459538772e-04
1.893476185592223992e-04
1.775133923992710009e-04
1.696239082926367535e-04
9.861855133292833685e-05
1.183422615995140096e-04
1.104527774928797351e-04
1.301764877594654079e-04
3.944742053317133881e-05
4.733690463980559979e-05
1.656791662393196027e-04
5.917113079975700482e-05
3.550267847985420154e-05
7.889484106634267761e-05
1.420107139194168061e-04
1.696239082926367535e-04
6.311587285307414209e-05
7.495009901302554034e-05
1.420107139194168061e-04
1.538449400793682044e-04
1.222870036528311334e-04
1.380659718660996824e-04
2.130160708791252228e-04
1.301764877594654079e-04
4.733690463980559979e-05
9.467380927961119958e-05
8.678432517297693860e-05
1.577896821326853552e-04
1.420107139194168061e-04
5.522638874643986755e-05
1.577896821326853552e-04
1.617344241860024789e-04
1.972371026658566940e-05
4.733690463980559979e-05
1.183422615995140096e-04
1.499001980260510807e-04
9.467380927961119958e-05
2.761319437321993378e-05
1.972371026658566737e-04
5.917113079975700482e-05
7.100535695970840307e-05
4.733690463980559979e-05
1.380659718660996824e-04
1.854028765059052754e-04
9.072906722629407587e-05
1.262317457061482842e-04
1.577896821326853552e-04
7.889484106634267761e-05
1.183422615995139995e-05
1.222870036528311334e-04
3.944742053317133881e-05
1.065080354395626114e-04
1.577896821326853552e-04
8.678432517297693860e-05
1.617344241860024789e-04
1.065080354395626114e-04
1.341212298127825316e-04
1.538449400793682044e-04
3.944742053317133881e-05
9.072906722629407587e-05
1.459554559727339299e-04
7.100535695970840307e-05
6.706061490639126581e-05
6.311587285307414209e-05
1.617344241860024789e-04
1.814581344525881517e-04
1.025632933862454741e-04
1.420107139194168061e-04
5.917113079975700482e-05
9.072906722629407587e-05
1.617344241860024789e-04
9.072906722629407587e-05
1.341212298127825316e-04
1.499001980260510807e-04
1.656791662393196027e-04
1.696239082926367535e-04
1.183422615995140096e-04
9.467380927961119958e-05
9.467380927961119958e-05
1.577896821326853552e-04
1.143975195461968724e-04
1.735686503459538772e-04
1.104527774928797351e-04
1.420107139194168061e-04
1.341212298127825316e-04
9.072906722629407587e-05
1.262317457061482842e-04
1.183422615995140096e-04
1.262317457061482842e-04
9.467380927961119958e-05
1.341212298127825316e-04
1.577896821326853552e-04
3.944742053317133881e-06
8.678432517297693860e-05
8.283958311965980133e-05
1.972371026658566737e-04
1.183422615995140096e-04
3.155793642653707104e-05
1.341212298127825316e-04
1.577896821326853552e-05
1.617344241860024789e-04
1.696239082926367535e-04
1.065080354395626114e-04
1.143975195461968724e-04
1.262317457061482842e-04
1.735686503459538772e-04
1.577896821326853552e-04
7.889484106634267761e-05
2.761319437321993378e-05
1.301764877594654079e-04
1.538449400793682044e-04
7.100535695970840307e-05
9.861855133292833685e-05
3.155793642653707104e-05
6.706061490639126581e-05
7.495009901302554034e-05
6.706061490639126581e-05
1.420107139194168061e-04
5.522638874643986755e-05
7.889484106634267761e-06
9.861855133292833685e-05
1.854028765059052754e-04
3.155793642653707104e-05
1.577896821326853552e-04
1.932923606125395500e-04
1.656791662393196027e-04
5.128164669312273706e-05
5.917113079975700482e-05
1.775133923992710009e-04
1.143975195461968724e-04
3.550267847985420154e-05
1.380659718660996824e-04
1.262317457061482842e-04
8.283958311965980133e-05
6.706061490639126581e-05
6.706061490639126581e-05
1.183422615995139995e-05
3.944742053317133881e-06
1.814581344525881517e-04
4.733690463980559979e-05
7.889484106634267761e-05
1.222870036528311334e-04
1.183422615995140096e-04
3.944742053317133881e-06
1.932923606125395500e-04
1.854028765059052754e-04
1.301764877594654079e-04
1.420107139194168061e-04
1.814581344525881517e-04
1.420107139194168061e-04
1.183422615995139995e-05
2.051265867724909482e-04
5.917113079975700482e-05
1.656791662393196027e-04
1.893476185592223992e-04
3.944742053317133881e-06
1.025632933862454741e-04
1.025632933862454741e-04
7.100535695970840307e-05
4.339216258648846930e-05
1.143975195461968724e-04
1.143975195461968724e-04
1.222870036528311334e-04
1.341212298127825316e-04
1.380659718660996824e-04
5.128164669312273706e-05
1.025632933862454741e-04
3.155793642653707104e-05
4.733690463980559979e-05
1.538449400793682044e-04
2.366845231990279990e-05
9.861855133292833685e-05
1.893476185592223992e-04
6.706061490639126581e-05
7.495009901302554034e-05
1.262317457061482842e-04
1.143975195461968724e-04
5.917113079975700482e-05
8.283958311965980133e-05
4.733690463980559979e-05
9.072906722629407587e-05
9.861855133292833685e-05
8.283958311965980133e-05
6.311587285307414209e-05
1.696239082926367535e-04
5.917113079975700482e-05
9.467380927961119958e-05
1.222870036528311334e-04
1.538449400793682044e-04
1.065080354395626114e-04
2.761319437321993378e-05
1.499001980260510807e-04
3.944742053317133881e-05
9.072906722629407587e-05
1.104527774928797351e-04
1.301764877594654079e-04
1.499001980260510807e-04
9.861855133292833685e-05
1.538449400793682044e-04
1.341212298127825316e-04
1.301764877594654079e-04
1.814581344525881517e-04
1.459554559727339299e-04
1.262317457061482842e-04
1.104527774928797351e-04
9.861855133292833685e-05
1.183422615995140096e-04
1.420107139194168061e-04
4.339216258648846930e-05
1.854028765059052754e-04
1.065080354395626114e-04
1.025632933862454741e-04
1.183422615995139995e-05
3.155793642653707104e-05
1.538449400793682044e-04
1.420107139194168061e-04
9.467380927961119958e-05
3.155793642653707104e-05
1.656791662393196027e-04
2.761319437321993378e-05
5.522638874643986755e-05
1.499001980260510807e-04
3.944742053317133881e-06
7.495009901302554034e-05
9.072906722629407587e-05
9.861855133292833685e-05
1.380659718660996824e-04
9.467380927961119958e-05
8.678432517297693860e-05
7.889484106634267761e-05
8.283958311965980133e-05
1.143975195461968724e-04
1.380659718660996824e-04
3.155793642653707104e-05
1.538449400793682044e-04
3.550267847985420154e-05
1.262317457061482842e-04
4.339216258648846930e-05
4.733690463980559979e-05
1.577896821326853552e-04
1.262317457061482842e-04
4.339216258648846930e-05
1.104527774928797351e-04
1.065080354395626114e-04
8.678432517297693860e-05
1.143975195461968724e-04
1.104527774928797351e-04
1.104527774928797351e-04
1.104527774928797351e-04
7.889484106634267761e-05
1.183422615995139995e-05
1.183422615995140096e-04
1.183422615995139995e-05
6.311587285307414209e-05
1.459554559727339299e-04
8.283958311965980133e-05
1.104527774928797351e-04
1.104527774928797351e-04
2.761319437321993378e-05
1.341212298127825316e-04
1.301764877594654079e-04
1.301764877594654079e-04
6.706061490639126581e-05
4.733690463980559979e-05
9.072906722629407587e-05
8.678432517297693860e-05
3.944742053317133881e-06
1.065080354395626114e-04
1.104527774928797351e-04
8.283958311965980133e-05
6.706061490639126581e-05
1.183422615995140096e-04
1.262317457061482842e-04
1.696239082926367535e-04
7.100535695970840307e-05
1.065080354395626114e-04
1.065080354395626114e-04
9.467380927961119958e-05
1.617344241860024789e-04
1.183422615995140096e-04
8.283958311965980133e-05
7.889484106634267761e-05
3.944742053317133881e-05
1.222870036528311334e-04
9.861855133292833685e-05
9.072906722629407587e-05
3.155793642653707104e-05
4.733690463980559979e-05
3.944742053317133881e-06
1.499001980260510807e-04
1.341212298127825316e-04
1.341212298127825316e-04
1.065080354395626114e-04
8.283958311965980133e-05
8.283958311965980133e-05
9.861855133292833685e-05
1.104527774928797351e-04
7.495009901302554034e-05
1.341212298127825316e-04
1.538449400793682044e-04
1.262317457061482842e-04
9.861855133292833685e-05
4.339216258648846930e-05
3.944742053317133881e-06
1.025632933862454741e-04
5.128164669312273706e-05
1.341212298127825316e-04
1.183422615995140096e-04
2.366845231990279990e-05
6.706061490639126581e-05
1.183422615995140096e-04
5.522638874643986755e-05
1.143975195461968724e-04
1.696239082926367535e-04
1.065080354395626114e-04
1.301764877594654079e-04
1.380659718660996824e-04
1.222870036528311334e-04
9.467380927961119958e-05
3.944742053317133881e-06
9.072906722629407587e-05
1.656791662393196027e-04
1.262317457061482842e-04
1.262317457061482842e-04
7.889484106634267761e-05
1.222870036528311334e-04
1.499001980260510807e-04
1.735686503459538772e-04
1.065080354395626114e-04
1.420107139194168061e-04
1.222870036528311334e-04
3.944742053317133881e-06
3.550267847985420154e-05
7.889484106634267761e-05
1.143975195461968724e-04
1.420107139194168061e-04
4.339216258648846930e-05
1.577896821326853552e-05
1.183422615995140096e-04
1.341212298127825316e-04
7.889484106634267761e-05
1.143975195461968724e-04
1.420107139194168061e-04
1.499001980260510807e-04
2.366845231990279990e-05
1.577896821326853552e-05
8.678432517297693860e-05
7.889484106634267761e-05
1.262317457061482842e-04
1.222870036528311334e-04
9.072906722629407587e-05
9.861855133292833685e-05
1.222870036528311334e-04
1.183422615995140096e-04
1.341212298127825316e-04
1.972371026658566940e-05
9.861855133292833685e-05
3.944742053317133881e-05
9.861855133292833685e-05
7.889484106634267761e-05
1.341212298127825316e-04
1.341212298127825316e-04
1.499001980260510807e-04
6.706061490639126581e-05
8.678432517297693860e-05
1.065080354395626114e-04
7.495009901302554034e-05
6.311587285307414209e-05
1.341212298127825316e-04
1.183422615995139995e-05
1.656791662393196027e-04
9.467380927961119958e-05
1.183422615995140096e-04
1.420107139194168061e-04
1.065080354395626114e-04
1.459554559727339299e-04
1.262317457061482842e-04
1.025632933862454741e-04
8.283958311965980133e-05
7.495009901302554034e-05
7.100535695970840307e-05
2.761319437321993378e-05
9.467380927961119958e-05
5.128164669312273706e-05
1.183422615995140096e-04
1.301764877594654079e-04
5.128164669312273706e-05
1.183422615995140096e-04
1.143975195461968724e-04
1.380659718660996824e-04
1.183422615995139995e-05
7.889484106634267761e-05
1.617344241860024789e-04
4.733690463980559979e-05
1.065080354395626114e-04
1.262317457061482842e-04
1.025632933862454741e-04
4.733690463980559979e-05
1.183422615995140096e-04
1.025632933862454741e-04
1.025632933862454741e-04
8.283958311965980133e-05
5.917113079975700482e-05
1.183422615995140096e-04
2.366845231990279990e-05
1.104527774928797351e-04
6.311587285307414209e-05
9.467380927961119958e-05
8.283958311965980133e-05
9.467380927961119958e-05
8.678432517297693860e-05
7.889484106634267761e-05
1.025632933862454741e-04
1.656791662393196027e-04
7.889484106634267761e-06
9.072906722629407587e-05
1.065080354395626114e-04
5.522638874643986755e-05
3.944742053317133881e-06
4.733690463980559979e-05
7.889484106634267761e-05
7.495009901302554034e-05
1.696239082926367535e-04
7.495009901302554034e-05
3.944742053317133881e-06
1.420107139194168061e-04
1.143975195461968724e-04
1.183422615995139995e-05
4.339216258648846930e-05
5.917113079975700482e-05
1.143975195461968724e-04
1.143975195461968724e-04
4.733690463980559979e-05
4.339216258648846930e-05
1.301764877594654079e-04
9.467380927961119958e-05
9.072906722629407587e-05
3.944742053317133881e-06
3.944742053317133881e-06
1.183422615995139995e-05
8.678432517297693860e-05
1.222870036528311334e-04
1.696239082926367535e-04
5.128164669312273706e-05
8.678432517297693860e-05
1.972371026658566940e-05
3.944742053317133881e-05
6.706061490639126581e-05
7.100535695970840307e-05
5.128164669312273706e-05
3.155793642653707104e-05
2.761319437321993378e-05
3.944742053317133881e-05
6.311587285307414209e-05
5.128164669312273706e-05
7.889484106634267761e-05
9.072906722629407587e-05
9.467380927961119958e-05
6.706061490639126581e-05
1.143975195461968724e-04
1.104527774928797351e-04
1.617344241860024789e-04
1.222870036528311334e-04
3.944742053317133881e-05
1.025632933862454741e-04
3.944742053317133881e-05
5.917113079975700482e-05
1.301764877594654079e-04
1.538449400793682044e-04
1.499001980260510807e-04
6.706061490639126581e-05
6.311587285307414209e-05
9.861855133292833685e-05
9.072906722629407587e-05
4.733690463980559979e-05
7.889484106634267761e-05
5.128164669312273706e-05
6.706061490639126581e-05
3.155793642653707104e-05
1.262317457061482842e-04
3.550267847985420154e-05
1.420107139194168061e-04
5.128164669312273706e-05
1.143975195461968724e-04
6.706061490639126581e-05
5.128164669312273706e-05
1.380659718660996824e-04
9.861855133292833685e-05
6.311587285307414209e-05
9.467380927961119958e-05
5.522638874643986755e-05
9.467380927961119958e-05
8.678432517297693860e-05
5.917113079975700482e-05
7.495009901302554034e-05
5.128164669312273706e-05
7.495009901302554034e-05
3.155793642653707104e-05
9.861855133292833685e-05
1.341212298127825316e-04
7.889484106634267761e-06
3.550267847985420154e-05
1.222870036528311334e-04
3.944742053317133881e-06
1.183422615995139995e-05
1.104527774928797351e-04
1.972371026658566940e-05
1.380659718660996824e-04
6.311587285307414209e-05
7.495009901302554034e-05
3.550267847985420154e-05
8.283958311965980133e-05
1.065080354395626114e-04
3.944742053317133881e-06
8.283958311965980133e-05
3.944742053317133881e-06
8.678432517297693860e-05
4.339216258648846930e-05
1.143975195461968724e-04
2.761319437321993378e-05
7.889484106634267761e-06
4.733690463980559979e-05
1.183422615995140096e-04
1.183422615995140096e-04
4.339216258648846930e-05
9.467380927961119958e-05
4.733690463980559979e-05
9.861855133292833685e-05
8.678432517297693860e-05
1.104527774928797351e-04
9.072906722629407587e-05
1.262317457061482842e-04
9.072906722629407587e-05
