9.065135620740379443e-03
4.927036092575343314e-03
6.881562806985396831e-03
1.066336840283609901e-02
6.917192200216830053e-03
5.950108669649355891e-03
5.573455084059918477e-03
9.263642240172649880e-03
4.906676439300238987e-03
4.112649961571154637e-03
3.135386604366127445e-03
5.288419938208452700e-03
3.171015997597561101e-03
2.855441371833437533e-03
4.474033807204263156e-03
5.303689678164780728e-03
3.756356029256821549e-03
6.907012373579278323e-03
6.459100001526973597e-03
5.471656817684395109e-03
5.878849883186489447e-03
7.146238299561758281e-03
3.669827502837626643e-03
4.952485659169223939e-03
3.211735304147770188e-03
6.357301735151450230e-03
5.777051616810966080e-03
2.656934752401166663e-03
2.692564145632599885e-03
3.338983137117175048e-03
4.850687392793700571e-03
5.817770923361174733e-03
7.685769111352033995e-04
4.066840741702168818e-03
1.659311741921035144e-03
4.326426320959753970e-03
5.598904650653799590e-05
4.479123720523039455e-03
1.878178014628410775e-03
6.718685580784558966e-04
2.086864460698234242e-03
3.690187156112731404e-03
1.333557289519359413e-03
3.807255162444583667e-03
1.908717494541067915e-03
3.568029236462102842e-03
3.776715682531926310e-03
2.789272498689347388e-03
1.964706541047606114e-03
3.043768164628156241e-03
1.526973995632854419e-03
6.820483847160082767e-04
2.035965327510472558e-03
9.874431838425791388e-04
3.089577384497142060e-03
2.748553192139137759e-04
2.346450039955819394e-03
4.418044760697725608e-03
2.326090386680714633e-03
1.150320410043417004e-03
3.400062096942488895e-03
2.305730733405610307e-03
1.455715209169987758e-03
1.231759023143835828e-03
2.626395272488509305e-03
2.331180299999490932e-03
3.277904177291860767e-03
3.120116864409798983e-03
3.506950276636788995e-03
2.015605674235367798e-03
1.867998187990858611e-03
3.227005044104099083e-03
4.071930655020945008e-04
1.873088101309634693e-03
2.183572813754981745e-03
8.601953508731746039e-04
6.158795115719179142e-04
1.364096769432016553e-03
4.835417652837372435e-04
2.356629866593371991e-03
1.964706541047606114e-03
2.234471946942743429e-03
4.275527187771992069e-04
1.333557289519359413e-03
8.500155242356222237e-04
2.229382033623967564e-03
1.175769976637297846e-03
1.842548621396977553e-03
2.158123247161100686e-03
2.234471946942743429e-03
2.371899606549700452e-03
2.407528999781133675e-03
1.964706541047606114e-03
6.565988181221273264e-04
2.448248306331343195e-03
1.654221828602258845e-03
2.768912845414242627e-03
1.537153822270406799e-03
2.239561860261519727e-03
5.242610718339467098e-04
2.361719779912148289e-03
1.430265642576106916e-03
2.585675965938300219e-03
2.606035619213404979e-03
2.595855792575852382e-03
2.000335934279039336e-03
1.674581481877363606e-03
1.379366509388345015e-03
2.835081718558332773e-03
3.206645390828994323e-04
7.125878646286654171e-04
1.465895035807540138e-03
1.023072577074012361e-03
2.392259259824805267e-04
1.903627581222291833e-03
1.735660441702677886e-03
7.431273445413224491e-04
1.430265642576106916e-03
2.458428132968895358e-03
3.664737589518850345e-04
1.491344602401421197e-03
8.754650908295031741e-04
1.674581481877363606e-03
2.356629866593371991e-03
4.122829788208706909e-04
7.889365644103080513e-04
1.470984949126316436e-03
7.227676912662176888e-04
1.094331363536879022e-03
2.906340505021199651e-03
6.871382980347844668e-04
1.414995902619778454e-03
1.725480615065125506e-03
7.278576045849938789e-04
1.913807407859844214e-03
9.619936172486982968e-04
1.995246020960263038e-03
9.619936172486982968e-04
2.387169346506028914e-03
6.871382980347844668e-04
8.347457842792937619e-04
1.414995902619778454e-03
4.224628054584230168e-04
5.293509851527228999e-04
2.239561860261519836e-04
1.252118676418940589e-03
3.562939323143327086e-04
8.856449174670555542e-04
1.170680063318521764e-03
2.056324980785577319e-03
1.750930181659006348e-03
8.449256109168460337e-04
1.934167061134948974e-03
1.328467376200583331e-03
2.494057526200328797e-04
9.925330971613554373e-04
1.766199921615334810e-03
1.201219543231178688e-03
1.369186682750792852e-03
1.201219543231178688e-03
1.781469661571663543e-04
8.194760443229651917e-04
1.267388416375269050e-03
2.107224113973339003e-03
3.104847124453470521e-04
4.886316786025133793e-04
7.787567377727557796e-04
1.236848936462612127e-03
1.216489283187507367e-03
7.838466510915318613e-04
1.837458708078201471e-03
6.107895982531417241e-04
1.297927896287926191e-03
5.802501183404846921e-04
1.995246020960263038e-03
1.079061623580550343e-03
1.954526714410053517e-03
1.206309456549954987e-03
8.449256109168460337e-04
1.104511190174431402e-03
1.867998187990858611e-03
2.137763593885996035e-04
9.925330971613554373e-04
6.515089048033512447e-04
8.958247441046079344e-04
1.969796454366381979e-03
1.226669109825059747e-03
1.063791883624221881e-03
1.287748069650373811e-03
1.145230496724640706e-03
1.099421276855655103e-03
1.720390701746349208e-03
1.150320410043417004e-03
8.296558709605175719e-04
2.030875414191696260e-03
1.491344602401421197e-03
1.089241450218102723e-03
6.056996849343655341e-04
1.577873128820616103e-03
6.362391648470226745e-04
1.241938849781388209e-03
1.114691016811983782e-03
4.530022853710801573e-04
2.086864460698234242e-03
1.012892750436459981e-03
1.684761308514915986e-03
5.802501183404846921e-04
1.038342317030341039e-03
3.766535855894374146e-04
1.135050670087088326e-03
6.413290781657988646e-04
1.745840268340230267e-03
1.689851221833692067e-03
5.242610718339467098e-04
9.314541373360411564e-04
5.904299449780370723e-04
1.715300788427573126e-03
1.053612056986669501e-03
5.853400316592608822e-04
7.533071711788748293e-04
1.409905989301002156e-03
1.720390701746349208e-03
5.649803783841561219e-04
6.362391648470226745e-04
1.414995902619778454e-03
1.557513475545511559e-03
8.347457842792937619e-04
1.878178014628410775e-03
7.227676912662176888e-04
6.311492515282464844e-04
5.191711585151705197e-04
1.669491568558587524e-03
4.530022853710801573e-04
1.618592435370825623e-03
1.073971710261774262e-03
1.516794168995302039e-03
1.140140583405864624e-03
1.048522143667893420e-03
1.878178014628410775e-03
1.409905989301002156e-03
1.084151536899326642e-03
5.955198582968131539e-04
8.652852641919507939e-04
6.515089048033512447e-04
1.669491568558587524e-03
8.042063043666366215e-04
1.394636249344673694e-03
6.464189914845750546e-04
5.344408984714989815e-04
3.053947991265708621e-04
1.073971710261774262e-03
9.467238772923697266e-04
5.395308117902751716e-04
2.544956659388090630e-05
1.007802837117683899e-03
1.638952088645930383e-03
9.263642240172649664e-04
9.060045707421603145e-04
1.206309456549954987e-03
5.039014185588419495e-04
7.482172578600986392e-04
9.009146574233841244e-04
8.398356975980699520e-04
7.074979513098892270e-04
1.710210875108796828e-03
5.955198582968131539e-04
5.089913318776181599e-06
7.074979513098892270e-04
3.817434989082136047e-04
6.820483847160082767e-04
9.721734438862505686e-04
2.799452325326899659e-04
1.343737116156911793e-03
6.769584713972320866e-04
8.296558709605175719e-04
7.583970844976510193e-04
8.245659576417413818e-04
1.399726162663449775e-03
8.347457842792937619e-04
8.245659576417413818e-04
6.515089048033512447e-04
2.697654058951375858e-04
8.398356975980699520e-04
7.889365644103080513e-04
1.277568243012821431e-03
1.465895035807540138e-03
9.569037039299221068e-04
6.158795115719179142e-04
1.374276596069568934e-03
6.006097716155893440e-04
4.530022853710801573e-04
4.835417652837372435e-04
8.092962176854128116e-04
7.736668244539795895e-04
1.017982663755236320e-05
8.601953508731746039e-04
5.497106384278275517e-04
8.398356975980699520e-04
7.634869978164272094e-04
1.257208589737716670e-03
7.176777779474416072e-04
1.058701970305445800e-03
1.420085815938554536e-03
9.925330971613554373e-04
1.017982663755236279e-03
1.633862175327154085e-03
8.805550041482793642e-04
6.871382980347844668e-04
2.901250591702423461e-04
8.347457842792937619e-04
2.137763593885996035e-04
1.562603388864287641e-03
6.056996849343655341e-04
9.009146574233841244e-04
1.730570528383901642e-04
3.562939323143327086e-04
9.009146574233841244e-04
8.092962176854128116e-04
7.278576045849938789e-04
8.754650908295031741e-04
7.176777779474416072e-04
5.293509851527228999e-04
2.748553192139137759e-04
8.042063043666366215e-04
8.449256109168460337e-04
1.175769976637297846e-03
1.114691016811983782e-03
8.092962176854128116e-04
1.033252403711564741e-03
3.562939323143326950e-05
4.682720253274086732e-04
7.431273445413224491e-04
1.206309456549954987e-03
1.196129629912402606e-03
1.007802837117683899e-03
8.143861310041890017e-04
1.272478329694045349e-03
5.904299449780370723e-04
6.413290781657988646e-04
5.598904650653799319e-04
6.515089048033512447e-04
5.802501183404846921e-04
1.180859889956074145e-03
7.889365644103080513e-04
1.206309456549954987e-03
6.464189914845750546e-04
1.313197636244254653e-03
6.209694248906941043e-04
1.328467376200583331e-03
9.925330971613554373e-04
5.751602050217085021e-04
4.835417652837372435e-04
2.494057526200328797e-04
1.216489283187507367e-03
9.976230104801315189e-04
7.074979513098892270e-04
5.293509851527228999e-04
3.359342790392279483e-04
5.751602050217085021e-04
2.850351458514661560e-04
8.449256109168460337e-04
5.089913318776181599e-06
7.176777779474416072e-04
8.500155242356222237e-04
4.886316786025133793e-04
8.092962176854128116e-04
5.293509851527228999e-04
9.263642240172649664e-04
6.922282113535606568e-04
5.649803783841561219e-04
1.017982663755236279e-03
5.089913318776181599e-06
7.736668244539795895e-04
5.548005517466037418e-04
3.206645390828994323e-04
9.874431838425791388e-04
4.784518519649610534e-04
9.212743106984887763e-04
7.074979513098892270e-04
8.347457842792937619e-04
3.613838456331088444e-04
2.341360126637043366e-04
1.323377462881807033e-03
4.530022853710801573e-04
1.985066194322710603e-04
6.718685580784558966e-04
4.224628054584230168e-04
4.682720253274086732e-04
5.293509851527228999e-04
3.410241923580041383e-04
9.416339639735935366e-04
6.260593382094702944e-04
2.290460993449281466e-04
8.958247441046079344e-04
1.730570528383901642e-04
9.009146574233841244e-04
6.056996849343655341e-04
3.562939323143327086e-04
5.089913318776181599e-06
6.209694248906941043e-04
6.311492515282464844e-04
4.733619386461848633e-04
3.715636722706612246e-04
4.275527187771992069e-04
4.835417652837372435e-04
2.392259259824805267e-04
7.227676912662176888e-04
1.023072577074012361e-03
7.889365644103080513e-04
7.940264777290842414e-04
6.107895982531417241e-04
5.242610718339467098e-04
3.461141056767803284e-04
3.359342790392279483e-04
8.958247441046079344e-04
3.919233255457659306e-04
5.548005517466037418e-04
2.595855792575852599e-04
7.736668244539795895e-04
8.754650908295031741e-04
1.577873128820616211e-04
9.365440506548173465e-04
1.374276596069568879e-04
7.176777779474416072e-04
7.838466510915318613e-04
8.958247441046079344e-04
7.482172578600986392e-04
1.023072577074012361e-03
3.664737589518850345e-04
5.649803783841561219e-04
7.380374312225462590e-04
1.017982663755236252e-04
9.670835305674744869e-04
3.664737589518850345e-04
2.239561860261519836e-04
9.009146574233841244e-04
9.009146574233841244e-04
6.311492515282464844e-04
5.497106384278275517e-04
6.769584713972320866e-04
7.787567377727557796e-04
9.772633572050267586e-04
1.012892750436459981e-03
5.089913318776181599e-06
4.173728921396468810e-04
4.122829788208706909e-04
3.817434989082136047e-04
1.104511190174431402e-03
9.874431838425791388e-04
1.119780930130759864e-03
5.598904650653799319e-04
5.089913318776181599e-06
5.751602050217085021e-04
4.988115052400657595e-04
4.835417652837372435e-04
5.548005517466037418e-04
5.089913318776181599e-06
5.548005517466037418e-04
5.548005517466037418e-04
5.853400316592608822e-04
1.781469661571663543e-04
5.649803783841561219e-04
1.323377462881807250e-04
4.224628054584230168e-04
1.526973995632854310e-04
2.494057526200328797e-04
7.482172578600986392e-04
8.347457842792937619e-04
3.562939323143327086e-04
3.206645390828994323e-04
5.853400316592608822e-04
2.748553192139137759e-04
2.392259259824805267e-04
3.308443657204517582e-04
3.613838456331088444e-04
2.392259259824805267e-04
5.598904650653799319e-04
1.119780930130759918e-04
4.021031521833183108e-04
7.074979513098892270e-04
5.548005517466037418e-04
1.526973995632854310e-05
5.446207251090513617e-04
3.308443657204517582e-04
5.497106384278275517e-04
5.293509851527228999e-04
4.937215919212895694e-04
2.443158393012566897e-04
3.664737589518850345e-04
2.952149724890185361e-04
1.221579196506283448e-04
6.209694248906941043e-04
1.526973995632854310e-05
2.392259259824805267e-04
7.787567377727557796e-04
1.934167061134948974e-04
4.631821120086324832e-04
4.377325454147515870e-04
5.853400316592608822e-04
7.533071711788748293e-04
1.435355555894883214e-03
9.212743106984887763e-04
4.682720253274086732e-04
1.068881796942998017e-04
4.428224587335277771e-04
7.227676912662176888e-04
5.191711585151705197e-04
6.820483847160082767e-04
8.958247441046079344e-04
4.071930655020945008e-04
5.598904650653799319e-04
6.107895982531417241e-04
2.901250591702423461e-04
4.937215919212895694e-04
7.074979513098892270e-04
6.515089048033512447e-04
8.449256109168460337e-04
7.125878646286654171e-04
7.380374312225462590e-04
2.137763593885996035e-04
7.991163910478604315e-04
3.613838456331088444e-04
4.733619386461848633e-04
1.425175729257330780e-04
1.043432230349117121e-03
1.985066194322710603e-04
6.107895982531417241e-05
5.598904650653799319e-04
4.937215919212895694e-04
7.533071711788748293e-04
2.035965327510472504e-04
6.413290781657988646e-04
9.874431838425791388e-04
3.919233255457659306e-04
2.035965327510472640e-05
6.056996849343655341e-04
5.242610718339467098e-04
6.107895982531417241e-04
2.137763593885996035e-04
1.577873128820616211e-04
7.533071711788748293e-04
1.628772262008378112e-04
1.129960756768312244e-03
5.853400316592608822e-04
3.766535855894374146e-04
3.003048858077946720e-04
2.443158393012566897e-04
1.374276596069568879e-04
4.021031521833183108e-04
2.137763593885996035e-04
1.017982663755236279e-03
4.580921986898562931e-05
6.667786447596797065e-04
6.973181246723368469e-04
4.530022853710801573e-04
3.206645390828994323e-04
4.682720253274086732e-04
2.494057526200328797e-04
4.886316786025133793e-04
3.257544524016756224e-04
3.512040189955565185e-04
6.464189914845750546e-04
2.086864460698234405e-04
2.850351458514661560e-04
4.173728921396468810e-04
9.670835305674744869e-04
1.272478329694045349e-04
9.619936172486982968e-04
6.871382980347844668e-04
5.293509851527228999e-04
4.530022853710801573e-04
8.245659576417413818e-04
7.227676912662176888e-04
4.530022853710801573e-04
6.820483847160082767e-04
3.562939323143327086e-04
2.494057526200328797e-04
5.344408984714989815e-04
7.583970844976510193e-04
3.257544524016756224e-04
5.089913318776181260e-05
4.784518519649610534e-04
5.598904650653799590e-05
6.718685580784558966e-04
3.817434989082136047e-04
3.053947991265708621e-05
5.089913318776181599e-06
3.308443657204517582e-04
2.137763593885996035e-04
3.359342790392279483e-04
7.176777779474416072e-04
8.652852641919508210e-05
3.970132388645421207e-04
3.562939323143326950e-05
6.260593382094702944e-04
3.512040189955565185e-04
2.646754925763614499e-04
2.443158393012566897e-04
6.616887314409036248e-05
2.086864460698234405e-04
3.715636722706612246e-04
5.802501183404846921e-04
1.089241450218102723e-03
3.155746257641232422e-04
1.985066194322710603e-04
6.107895982531417241e-05
3.308443657204517582e-04
1.017982663755236320e-05
4.173728921396468810e-04
4.835417652837372435e-04
4.021031521833183108e-04
2.952149724890185361e-04
4.988115052400657595e-04
3.766535855894374146e-04
4.784518519649610534e-04
4.835417652837372435e-04
5.344408984714989815e-04
1.221579196506283448e-04
5.242610718339467098e-04
1.679671395196139741e-04
1.017982663755236252e-04
7.991163910478604315e-04
3.562939323143326950e-05
6.769584713972320866e-04
8.143861310041890017e-04
4.071930655020945008e-04
4.530022853710801573e-04
4.173728921396468810e-04
8.347457842792937619e-04
4.326426320959753970e-04
7.736668244539795895e-04
9.670835305674744869e-05
3.206645390828994323e-04
7.125878646286653900e-05
5.598904650653799590e-05
8.143861310041890559e-05
3.613838456331088444e-04
4.173728921396468810e-04
2.595855792575852599e-04
8.652852641919507939e-04
1.252118676418940589e-03
8.449256109168460337e-04
2.646754925763614499e-04
6.362391648470226745e-04
3.766535855894374146e-04
4.580921986898562931e-04
4.021031521833183108e-04
5.548005517466037418e-04
8.143861310041890017e-04
3.003048858077946720e-04
5.853400316592608822e-04
5.140812451963943297e-04
4.682720253274086732e-04
2.290460993449281466e-04
3.359342790392279483e-04
7.227676912662176888e-04
5.039014185588419495e-04
3.257544524016756224e-04
2.850351458514661560e-04
4.682720253274086732e-04
2.799452325326899659e-04
4.428224587335277771e-04
5.598904650653799590e-05
3.562939323143326950e-05
4.580921986898562931e-04
2.443158393012566897e-04
2.494057526200328797e-04
3.512040189955565185e-04
2.850351458514661560e-04
4.479123720523039672e-04
3.461141056767803284e-04
2.494057526200328797e-04
5.598904650653799590e-05
2.035965327510472504e-04
2.850351458514661560e-04
5.344408984714989815e-04
1.883267927947187073e-04
1.577873128820616211e-04
2.239561860261519836e-04
4.173728921396468810e-04
4.988115052400657595e-04
2.494057526200328797e-04
2.901250591702423461e-04
2.544956659388090698e-04
1.017982663755236320e-05
5.191711585151705197e-04
2.086864460698234405e-04
6.565988181221273264e-04
3.512040189955565185e-04
8.601953508731746039e-04
4.122829788208706909e-04
3.003048858077946720e-04
6.413290781657988646e-04
1.883267927947187073e-04
1.068881796942998017e-04
3.206645390828994323e-04
3.562939323143326950e-05
5.853400316592608822e-04
3.461141056767803284e-04
6.311492515282464844e-04
3.868334122269897948e-04
3.817434989082136047e-04
1.832368794759425172e-04
1.781469661571663543e-04
5.089913318776181599e-06
6.209694248906941043e-04
3.104847124453470521e-04
5.802501183404846921e-04
3.868334122269897948e-04
4.377325454147515870e-04
6.413290781657988646e-04
2.901250591702423461e-04
6.667786447596797065e-04
2.035965327510472504e-04
1.272478329694045349e-04
1.730570528383901642e-04
3.206645390828994323e-04
5.598904650653799590e-05
4.988115052400657595e-04
5.293509851527228999e-04
4.886316786025133793e-04
1.068881796942998017e-04
3.206645390828994323e-04
5.089913318776181599e-06
3.868334122269897948e-04
4.631821120086324832e-04
2.494057526200328797e-04
6.107895982531417241e-05
2.188662727073757935e-04
3.817434989082136047e-04
1.679671395196139741e-04
7.634869978164271552e-05
3.410241923580041383e-04
1.985066194322710603e-04
1.730570528383901642e-04
3.613838456331088444e-04
2.646754925763614499e-04
3.003048858077946720e-04
3.868334122269897948e-04
3.257544524016756224e-04
2.035965327510472504e-04
2.544956659388090630e-05
3.766535855894374146e-04
2.035965327510472640e-05
3.817434989082136047e-04
1.934167061134948974e-04
4.988115052400657595e-04
4.122829788208706909e-04
1.221579196506283448e-04
4.631821120086324832e-04
1.323377462881807250e-04
1.730570528383901642e-04
4.988115052400657595e-04
2.341360126637043366e-04
2.392259259824805267e-04
4.733619386461848633e-04
5.089913318776181599e-06
4.580921986898562931e-04
2.646754925763614499e-04
5.293509851527228999e-04
6.209694248906941043e-04
2.188662727073757935e-04
3.257544524016756224e-04
1.934167061134948974e-04
3.308443657204517582e-04
1.119780930130759918e-04
5.089913318776181599e-06
3.308443657204517582e-04
2.748553192139137759e-04
5.344408984714989815e-04
3.104847124453470521e-04
3.053947991265708621e-05
4.733619386461848633e-04
1.033252403711564741e-03
4.275527187771992069e-04
3.257544524016756224e-04
2.646754925763614499e-04
5.395308117902751716e-04
5.089913318776181260e-05
8.245659576417413818e-04
2.188662727073757935e-04
3.104847124453470521e-04
2.290460993449281466e-04
3.817434989082136047e-04
3.155746257641232422e-04
4.071930655020945008e-04
4.428224587335277771e-04
3.664737589518850345e-04
4.530022853710801573e-04
3.257544524016756224e-04
1.781469661571663543e-04
4.122829788208706909e-04
4.275527187771992069e-04
5.039014185588419495e-04
3.766535855894374146e-04
4.784518519649610534e-04
1.017982663755236252e-04
3.308443657204517582e-04
4.122829788208706909e-04
2.290460993449281466e-04
2.290460993449281466e-04
3.257544524016756224e-04
5.089913318776181599e-06
2.901250591702423461e-04
1.526973995632854310e-04
3.053947991265708621e-04
1.730570528383901642e-04
2.494057526200328797e-04
1.119780930130759918e-04
4.021031521833183108e-04
1.323377462881807250e-04
1.170680063318521683e-04
1.272478329694045349e-04
1.323377462881807250e-04
1.221579196506283448e-04
3.512040189955565185e-04
2.544956659388090698e-04
1.017982663755236320e-05
3.104847124453470521e-04
1.476074862445092681e-04
4.682720253274086732e-04
2.188662727073757935e-04
1.679671395196139741e-04
4.021031521833183108e-04
2.494057526200328797e-04
2.494057526200328797e-04
4.173728921396468810e-04
3.206645390828994323e-04
1.170680063318521683e-04
3.257544524016756224e-04
4.326426320959753970e-04
2.188662727073757935e-04
3.308443657204517582e-04
2.443158393012566897e-04
6.107895982531417241e-05
3.461141056767803284e-04
4.580921986898562931e-04
3.919233255457659306e-04
1.374276596069568879e-04
9.161843973797125862e-05
2.137763593885996035e-04
3.155746257641232422e-04
3.257544524016756224e-04
5.089913318776181599e-06
3.003048858077946720e-04
3.410241923580041383e-04
1.934167061134948974e-04
3.053947991265708621e-04
4.733619386461848633e-04
1.374276596069568879e-04
1.017982663755236320e-05
3.053947991265708621e-04
1.781469661571663543e-04
2.901250591702423461e-04
5.089913318776181599e-06
2.086864460698234405e-04
2.595855792575852599e-04
5.293509851527228999e-04
1.017982663755236252e-04
9.670835305674744869e-05
1.017982663755236320e-05
2.697654058951375858e-04
3.359342790392279483e-04
3.664737589518850345e-04
1.374276596069568879e-04
7.634869978164271552e-05
1.221579196506283448e-04
2.952149724890185361e-04
1.883267927947187073e-04
1.526973995632854310e-04
3.613838456331088444e-04
5.089913318776181599e-06
7.940264777290842414e-04
2.646754925763614499e-04
9.212743106984887763e-04
1.628772262008378112e-04
2.544956659388090630e-05
7.736668244539795895e-04
4.988115052400657595e-04
3.562939323143326950e-05
2.035965327510472640e-05
5.089913318776181599e-06
5.089913318776181599e-06
5.039014185588419495e-04
2.544956659388090630e-05
4.530022853710801573e-04
1.883267927947187073e-04
2.544956659388090630e-05
5.497106384278275517e-04
4.988115052400657595e-04
6.413290781657988646e-04
7.787567377727557796e-04
3.053947991265708621e-05
2.952149724890185361e-04
9.009146574233841244e-04
1.272478329694045349e-04
2.341360126637043366e-04
2.035965327510472504e-04
2.035965327510472640e-05
3.206645390828994323e-04
3.155746257641232422e-04
1.883267927947187073e-04
2.850351458514661560e-04
4.682720253274086732e-04
5.089913318776181396e-04
1.170680063318521683e-04
1.119780930130759918e-04
2.137763593885996035e-04
1.781469661571663543e-04
4.580921986898562931e-05
3.817434989082136047e-04
2.494057526200328797e-04
3.562939323143326950e-05
3.003048858077946720e-04
2.748553192139137759e-04
1.628772262008378112e-04
5.089913318776181599e-06
5.700702917029323120e-04
2.341360126637043366e-04
4.071930655020945279e-05
3.206645390828994323e-04
1.221579196506283448e-04
2.086864460698234405e-04
1.832368794759425172e-04
2.341360126637043366e-04
7.125878646286653900e-05
1.425175729257330780e-04
2.544956659388090698e-04
3.359342790392279483e-04
3.206645390828994323e-04
3.919233255457659306e-04
3.512040189955565185e-04
3.512040189955565185e-04
5.089913318776181599e-06
6.107895982531417241e-05
1.883267927947187073e-04
4.835417652837372435e-04
2.035965327510472504e-04
8.652852641919508210e-05
1.323377462881807250e-04
5.955198582968131539e-04
3.868334122269897948e-04
3.766535855894374146e-04
3.512040189955565185e-04
5.293509851527228999e-04
1.272478329694045349e-04
3.104847124453470521e-04
2.952149724890185361e-04
3.512040189955565185e-04
5.598904650653799319e-04
2.188662727073757935e-04
6.107895982531417241e-04
4.682720253274086732e-04
3.715636722706612246e-04
3.766535855894374146e-04
2.544956659388090698e-04
5.802501183404846921e-04
1.119780930130759918e-04
8.143861310041890559e-05
2.544956659388090698e-04
2.290460993449281466e-04
3.562939323143326950e-05
2.392259259824805267e-04
4.377325454147515870e-04
5.089913318776181599e-06
1.272478329694045349e-04
3.155746257641232422e-04
3.868334122269897948e-04
2.697654058951375858e-04
3.562939323143326950e-05
1.781469661571663543e-04
1.272478329694045349e-04
2.035965327510472640e-05
2.595855792575852599e-04
2.341360126637043366e-04
2.544956659388090698e-04
2.290460993449281466e-04
3.003048858077946720e-04
1.425175729257330780e-04
8.652852641919508210e-05
3.104847124453470521e-04
5.089913318776181599e-06
1.730570528383901642e-04
5.089913318776181599e-06
5.089913318776181599e-06
2.952149724890185361e-04
3.868334122269897948e-04
2.137763593885996035e-04
4.428224587335277771e-04
1.934167061134948974e-04
1.017982663755236252e-04
4.275527187771992069e-04
4.224628054584230168e-04
5.700702917029323120e-04
2.341360126637043366e-04
2.901250591702423461e-04
5.598904650653799590e-05
1.119780930130759918e-04
5.089913318776181599e-06
5.089913318776181599e-06
6.922282113535606568e-04
3.868334122269897948e-04
2.239561860261519836e-04
1.476074862445092681e-04
7.634869978164271552e-05
6.311492515282464844e-04
3.053947991265708621e-04
1.476074862445092681e-04
3.766535855894374146e-04
1.730570528383901642e-04
2.850351458514661560e-04
2.799452325326899659e-04
5.242610718339467098e-04
1.526973995632854310e-04
9.161843973797125862e-05
1.170680063318521683e-04
2.544956659388090698e-04
4.071930655020945279e-05
1.781469661571663543e-04
3.003048858077946720e-04
4.835417652837372435e-04
4.071930655020945279e-05
4.071930655020945279e-05
1.526973995632854310e-05
2.035965327510472504e-04
1.526973995632854310e-04
1.781469661571663543e-04
2.646754925763614499e-04
2.799452325326899659e-04
5.089913318776181260e-05
2.952149724890185361e-04
2.188662727073757935e-04
1.272478329694045349e-04
1.476074862445092681e-04
2.392259259824805267e-04
8.143861310041890559e-05
2.494057526200328797e-04
2.494057526200328797e-04
1.526973995632854310e-05
1.832368794759425172e-04
4.580921986898562931e-05
3.104847124453470521e-04
1.577873128820616211e-04
3.053947991265708621e-05
2.901250591702423461e-04
5.446207251090513617e-04
4.224628054584230168e-04
3.359342790392279483e-04
3.562939323143326950e-05
3.308443657204517582e-04
3.512040189955565185e-04
3.003048858077946720e-04
2.137763593885996035e-04
4.071930655020945008e-04
2.595855792575852599e-04
2.595855792575852599e-04
2.035965327510472504e-04
2.799452325326899659e-04
1.883267927947187073e-04
5.191711585151705197e-04
4.326426320959753970e-04
5.089913318776181599e-06
2.697654058951375858e-04
2.290460993449281466e-04
2.290460993449281466e-04
7.125878646286653900e-05
6.616887314409036248e-05
1.119780930130759918e-04
2.392259259824805267e-04
1.628772262008378112e-04
2.544956659388090698e-04
4.122829788208706909e-04
3.155746257641232422e-04
1.323377462881807250e-04
1.374276596069568879e-04
3.410241923580041383e-04
1.628772262008378112e-04
4.122829788208706909e-04
3.817434989082136047e-04
1.628772262008378112e-04
9.161843973797125862e-05
2.646754925763614499e-04
2.443158393012566897e-04
7.125878646286653900e-05
1.934167061134948974e-04
4.071930655020945279e-05
3.308443657204517582e-04
4.071930655020945008e-04
2.392259259824805267e-04
3.817434989082136047e-04
3.512040189955565185e-04
1.781469661571663543e-04
3.359342790392279483e-04
5.089913318776181599e-06
1.017982663755236320e-05
5.089913318776181396e-04
2.188662727073757935e-04
2.443158393012566897e-04
5.344408984714989815e-04
1.577873128820616211e-04
1.526973995632854310e-05
1.730570528383901642e-04
3.003048858077946720e-04
7.634869978164271552e-05
3.410241923580041383e-04
1.476074862445092681e-04
1.679671395196139741e-04
2.137763593885996035e-04
1.883267927947187073e-04
1.628772262008378112e-04
1.119780930130759918e-04
2.086864460698234405e-04
1.679671395196139741e-04
3.664737589518850345e-04
3.359342790392279483e-04
1.832368794759425172e-04
1.221579196506283448e-04
5.089913318776181599e-06
1.476074862445092681e-04
2.392259259824805267e-04
3.613838456331088444e-04
4.021031521833183108e-04
1.374276596069568879e-04
2.901250591702423461e-04
3.715636722706612246e-04
8.652852641919508210e-05
5.089913318776181599e-06
1.017982663755236252e-04
2.544956659388090698e-04
1.221579196506283448e-04
1.374276596069568879e-04
1.985066194322710603e-04
2.239561860261519836e-04
1.526973995632854310e-05
1.221579196506283448e-04
1.781469661571663543e-04
5.089913318776181599e-06
1.425175729257330780e-04
3.817434989082136047e-04
1.323377462881807250e-04
1.170680063318521683e-04
3.970132388645421207e-04
4.479123720523039672e-04
5.089913318776181599e-06
1.374276596069568879e-04
1.476074862445092681e-04
3.003048858077946720e-04
3.053947991265708621e-05
4.580921986898562931e-05
1.425175729257330780e-04
2.341360126637043366e-04
1.017982663755236252e-04
1.730570528383901642e-04
1.832368794759425172e-04
3.664737589518850345e-04
7.125878646286653900e-05
8.143861310041890559e-05
2.494057526200328797e-04
2.748553192139137759e-04
1.526973995632854310e-05
8.143861310041890559e-05
1.883267927947187073e-04
1.934167061134948974e-04
5.089913318776181260e-05
3.359342790392279483e-04
7.634869978164271552e-05
2.595855792575852599e-04
5.598904650653799590e-05
4.275527187771992069e-04
1.017982663755236320e-05
2.035965327510472504e-04
3.766535855894374146e-04
4.071930655020945279e-05
2.188662727073757935e-04
4.580921986898562931e-05
3.410241923580041383e-04
3.715636722706612246e-04
2.494057526200328797e-04
7.125878646286653900e-05
3.613838456331088444e-04
3.257544524016756224e-04
5.598904650653799590e-05
2.239561860261519836e-04
1.323377462881807250e-04
1.781469661571663543e-04
5.089913318776181599e-06
5.089913318776181599e-06
2.035965327510472640e-05
3.562939323143326950e-05
3.003048858077946720e-04
5.089913318776181599e-06
5.089913318776181599e-06
3.003048858077946720e-04
1.374276596069568879e-04
3.562939323143326950e-05
1.985066194322710603e-04
2.595855792575852599e-04
4.733619386461848633e-04
1.272478329694045349e-04
2.799452325326899659e-04
2.188662727073757935e-04
1.119780930130759918e-04
1.628772262008378112e-04
1.628772262008378112e-04
7.125878646286653900e-05
7.125878646286653900e-05
6.107895982531417241e-05
5.598904650653799590e-05
1.730570528383901642e-04
4.682720253274086732e-04
2.646754925763614499e-04
1.526973995632854310e-05
2.341360126637043366e-04
4.071930655020945008e-04
2.544956659388090698e-04
1.170680063318521683e-04
1.272478329694045349e-04
6.616887314409036248e-05
7.634869978164271552e-05
1.679671395196139741e-04
5.089913318776181599e-06
1.526973995632854310e-04
1.679671395196139741e-04
3.104847124453470521e-04
4.071930655020945008e-04
1.730570528383901642e-04
2.086864460698234405e-04
5.598904650653799590e-05
1.068881796942998017e-04
1.985066194322710603e-04
1.272478329694045349e-04
4.377325454147515870e-04
9.670835305674744869e-05
4.021031521833183108e-04
1.068881796942998017e-04
1.119780930130759918e-04
3.512040189955565185e-04
3.155746257641232422e-04
1.781469661571663543e-04
3.766535855894374146e-04
2.137763593885996035e-04
8.143861310041890559e-05
1.068881796942998017e-04
1.476074862445092681e-04
5.598904650653799590e-05
1.068881796942998017e-04
1.374276596069568879e-04
1.323377462881807250e-04
1.985066194322710603e-04
6.616887314409036248e-05
1.374276596069568879e-04
3.919233255457659306e-04
2.086864460698234405e-04
1.425175729257330780e-04
1.476074862445092681e-04
2.341360126637043366e-04
2.188662727073757935e-04
2.697654058951375858e-04
2.544956659388090630e-05
2.595855792575852599e-04
2.137763593885996035e-04
1.832368794759425172e-04
2.086864460698234405e-04
5.089913318776181599e-06
3.053947991265708621e-05
5.089913318776181599e-06
3.766535855894374146e-04
1.068881796942998017e-04
8.652852641919508210e-05
5.598904650653799590e-05
1.119780930130759918e-04
3.766535855894374146e-04
1.221579196506283448e-04
8.143861310041890559e-05
8.652852641919508210e-05
1.781469661571663543e-04
1.577873128820616211e-04
5.089913318776181260e-05
5.598904650653799590e-05
5.089913318776181599e-06
3.053947991265708621e-05
3.919233255457659306e-04
1.883267927947187073e-04
1.679671395196139741e-04
3.562939323143326950e-05
1.221579196506283448e-04
7.125878646286653900e-05
1.883267927947187073e-04
1.068881796942998017e-04
1.119780930130759918e-04
2.595855792575852599e-04
4.580921986898562931e-05
8.143861310041890559e-05
2.952149724890185361e-04
5.649803783841561219e-04
1.628772262008378112e-04
1.017982663755236252e-04
3.817434989082136047e-04
3.155746257641232422e-04
2.341360126637043366e-04
4.224628054584230168e-04
5.089913318776181599e-06
3.053947991265708621e-04
2.035965327510472504e-04
3.053947991265708621e-05
3.919233255457659306e-04
5.089913318776181599e-06
7.634869978164271552e-05
1.832368794759425172e-04
9.161843973797125862e-05
2.137763593885996035e-04
9.161843973797125862e-05
9.670835305674744869e-05
2.035965327510472640e-05
3.053947991265708621e-04
1.526973995632854310e-04
3.053947991265708621e-04
6.107895982531417241e-05
2.952149724890185361e-04
2.086864460698234405e-04
1.832368794759425172e-04
1.068881796942998017e-04
5.089913318776181599e-06
2.239561860261519836e-04
8.143861310041890559e-05
7.125878646286653900e-05
9.670835305674744869e-05
2.137763593885996035e-04
3.053947991265708621e-05
2.341360126637043366e-04
3.562939323143326950e-05
1.068881796942998017e-04
1.272478329694045349e-04
1.119780930130759918e-04
1.883267927947187073e-04
2.239561860261519836e-04
2.392259259824805267e-04
1.017982663755236252e-04
1.119780930130759918e-04
1.170680063318521683e-04
3.206645390828994323e-04
5.089913318776181599e-06
8.652852641919508210e-05
1.730570528383901642e-04
7.125878646286653900e-05
2.494057526200328797e-04
8.652852641919508210e-05
1.577873128820616211e-04
9.670835305674744869e-05
5.089913318776181260e-05
7.125878646286653900e-05
1.679671395196139741e-04
3.053947991265708621e-05
2.952149724890185361e-04
1.221579196506283448e-04
3.053947991265708621e-05
2.392259259824805267e-04
1.679671395196139741e-04
1.832368794759425172e-04
7.634869978164271552e-05
1.374276596069568879e-04
5.089913318776181599e-06
1.781469661571663543e-04
5.089913318776181599e-06
2.544956659388090630e-05
7.125878646286653900e-05
1.781469661571663543e-04
8.143861310041890559e-05
2.697654058951375858e-04
1.628772262008378112e-04
3.053947991265708621e-04
5.089913318776181599e-06
1.526973995632854310e-05
1.577873128820616211e-04
1.323377462881807250e-04
2.035965327510472504e-04
1.934167061134948974e-04
1.526973995632854310e-05
2.035965327510472640e-05
7.634869978164271552e-05
1.017982663755236252e-04
3.257544524016756224e-04
7.634869978164271552e-05
2.748553192139137759e-04
2.188662727073757935e-04
7.634869978164271552e-05
2.544956659388090630e-05
5.089913318776181599e-06
1.170680063318521683e-04
1.017982663755236320e-05
1.577873128820616211e-04
5.089913318776181260e-05
2.290460993449281466e-04
1.425175729257330780e-04
2.137763593885996035e-04
2.443158393012566897e-04
2.748553192139137759e-04
2.290460993449281466e-04
8.143861310041890559e-05
1.526973995632854310e-04
2.290460993449281466e-04
3.155746257641232422e-04
2.952149724890185361e-04
2.392259259824805267e-04
1.526973995632854310e-05
9.161843973797125862e-05
8.652852641919508210e-05
2.697654058951375858e-04
1.526973995632854310e-05
3.562939323143326950e-05
2.494057526200328797e-04
9.161843973797125862e-05
4.071930655020945279e-05
1.883267927947187073e-04
2.595855792575852599e-04
1.272478329694045349e-04
1.526973995632854310e-04
4.326426320959753970e-04
1.170680063318521683e-04
1.985066194322710603e-04
2.086864460698234405e-04
4.071930655020945279e-05
3.970132388645421207e-04
1.068881796942998017e-04
3.053947991265708621e-05
1.017982663755236252e-04
1.170680063318521683e-04
1.577873128820616211e-04
3.359342790392279483e-04
8.143861310041890559e-05
2.901250591702423461e-04
1.628772262008378112e-04
3.155746257641232422e-04
4.580921986898562931e-05
1.017982663755236320e-05
1.832368794759425172e-04
1.526973995632854310e-05
1.425175729257330780e-04
1.017982663755236252e-04
1.577873128820616211e-04
1.883267927947187073e-04
5.089913318776181599e-06
1.170680063318521683e-04
1.017982663755236320e-05
2.544956659388090630e-05
5.089913318776181260e-05
1.476074862445092681e-04
3.206645390828994323e-04
5.089913318776181260e-05
2.035965327510472504e-04
1.119780930130759918e-04
1.476074862445092681e-04
1.730570528383901642e-04
2.544956659388090630e-05
7.125878646286653900e-05
2.239561860261519836e-04
5.089913318776181260e-05
5.598904650653799590e-05
2.392259259824805267e-04
1.017982663755236320e-05
2.646754925763614499e-04
9.161843973797125862e-05
6.107895982531417241e-05
1.017982663755236320e-05
1.272478329694045349e-04
2.544956659388090630e-05
2.748553192139137759e-04
3.562939323143326950e-05
9.161843973797125862e-05
1.628772262008378112e-04
2.544956659388090630e-05
1.628772262008378112e-04
5.598904650653799590e-05
1.017982663755236320e-05
3.562939323143326950e-05
3.562939323143326950e-05
3.003048858077946720e-04
1.272478329694045349e-04
1.221579196506283448e-04
1.017982663755236252e-04
1.017982663755236252e-04
2.035965327510472640e-05
6.107895982531417241e-05
1.526973995632854310e-04
2.544956659388090630e-05
1.425175729257330780e-04
6.616887314409036248e-05
4.580921986898562931e-05
3.257544524016756224e-04
5.089913318776181599e-06
3.003048858077946720e-04
2.239561860261519836e-04
5.598904650653799590e-05
1.476074862445092681e-04
2.544956659388090698e-04
1.119780930130759918e-04
1.985066194322710603e-04
1.017982663755236320e-05
1.577873128820616211e-04
5.089913318776181599e-06
1.832368794759425172e-04
3.206645390828994323e-04
1.068881796942998017e-04
6.107895982531417241e-05
5.089913318776181260e-05
1.017982663755236320e-05
1.017982663755236252e-04
2.137763593885996035e-04
1.781469661571663543e-04
1.323377462881807250e-04
2.443158393012566897e-04
2.799452325326899659e-04
3.410241923580041383e-04
2.035965327510472640e-05
1.425175729257330780e-04
4.071930655020945279e-05
2.290460993449281466e-04
1.017982663755236320e-05
2.341360126637043366e-04
2.544956659388090630e-05
9.161843973797125862e-05
2.544956659388090630e-05
8.652852641919508210e-05
2.494057526200328797e-04
6.107895982531417241e-05
3.562939323143326950e-05
1.577873128820616211e-04
5.089913318776181599e-06
1.832368794759425172e-04
1.934167061134948974e-04
1.425175729257330780e-04
7.634869978164271552e-05
2.341360126637043366e-04
9.161843973797125862e-05
2.188662727073757935e-04
9.161843973797125862e-05
2.035965327510472504e-04
5.089913318776181599e-06
5.089913318776181599e-06
8.143861310041890559e-05
1.730570528383901642e-04
6.107895982531417241e-05
1.017982663755236252e-04
1.272478329694045349e-04
5.089913318776181599e-06
9.670835305674744869e-05
4.580921986898562931e-05
1.017982663755236252e-04
4.071930655020945279e-05
2.494057526200328797e-04
2.544956659388090630e-05
1.017982663755236252e-04
1.068881796942998017e-04
1.476074862445092681e-04
8.652852641919508210e-05
1.374276596069568879e-04
1.526973995632854310e-05
4.071930655020945279e-05
3.206645390828994323e-04
1.068881796942998017e-04
5.089913318776181599e-06
2.086864460698234405e-04
5.089913318776181599e-06
2.290460993449281466e-04
3.104847124453470521e-04
4.071930655020945279e-05
1.017982663755236252e-04
2.494057526200328797e-04
3.003048858077946720e-04
1.781469661571663543e-04
8.143861310041890559e-05
4.580921986898562931e-05
3.562939323143326950e-05
1.017982663755236320e-05
2.239561860261519836e-04
1.526973995632854310e-05
6.107895982531417241e-05
2.646754925763614499e-04
1.170680063318521683e-04
1.119780930130759918e-04
6.616887314409036248e-05
9.670835305674744869e-05
1.017982663755236252e-04
7.125878646286653900e-05
1.119780930130759918e-04
6.616887314409036248e-05
1.119780930130759918e-04
2.392259259824805267e-04
4.580921986898562931e-05
8.143861310041890559e-05
1.628772262008378112e-04
4.580921986898562931e-05
1.526973995632854310e-05
3.053947991265708621e-05
1.323377462881807250e-04
5.089913318776181260e-05
2.341360126637043366e-04
1.374276596069568879e-04
7.125878646286653900e-05
1.679671395196139741e-04
2.544956659388090630e-05
5.089913318776181599e-06
1.068881796942998017e-04
1.323377462881807250e-04
2.494057526200328797e-04
8.143861310041890559e-05
6.616887314409036248e-05
2.341360126637043366e-04
9.161843973797125862e-05
9.161843973797125862e-05
3.053947991265708621e-05
1.272478329694045349e-04
3.562939323143326950e-05
6.107895982531417241e-05
2.646754925763614499e-04
9.670835305674744869e-05
2.748553192139137759e-04
1.628772262008378112e-04
9.161843973797125862e-05
1.883267927947187073e-04
2.544956659388090630e-05
5.089913318776181599e-06
6.616887314409036248e-05
1.526973995632854310e-04
3.257544524016756224e-04
1.832368794759425172e-04
3.053947991265708621e-05
2.239561860261519836e-04
2.544956659388090630e-05
6.616887314409036248e-05
1.832368794759425172e-04
5.089913318776181599e-06
2.544956659388090630e-05
2.341360126637043366e-04
1.679671395196139741e-04
5.089913318776181599e-06
1.170680063318521683e-04
1.374276596069568879e-04
1.323377462881807250e-04
6.107895982531417241e-05
2.901250591702423461e-04
1.883267927947187073e-04
6.107895982531417241e-05
2.239561860261519836e-04
1.526973995632854310e-05
8.143861310041890559e-05
2.595855792575852599e-04
1.272478329694045349e-04
1.017982663755236320e-05
9.161843973797125862e-05
4.071930655020945279e-05
4.580921986898562931e-05
5.089913318776181599e-06
3.817434989082136047e-04
2.341360126637043366e-04
5.089913318776181260e-05
1.679671395196139741e-04
4.580921986898562931e-05
9.161843973797125862e-05
1.985066194322710603e-04
1.374276596069568879e-04
4.580921986898562931e-05
1.374276596069568879e-04
5.089913318776181599e-06
1.577873128820616211e-04
9.161843973797125862e-05
5.598904650653799590e-05
1.272478329694045349e-04
1.476074862445092681e-04
2.595855792575852599e-04
1.476074862445092681e-04
1.526973995632854310e-05
1.526973995632854310e-05
1.425175729257330780e-04
1.425175729257330780e-04
2.544956659388090630e-05
4.071930655020945279e-05
9.670835305674744869e-05
2.392259259824805267e-04
2.035965327510472640e-05
1.679671395196139741e-04
3.053947991265708621e-05
1.017982663755236320e-05
1.526973995632854310e-05
7.634869978164271552e-05
2.799452325326899659e-04
1.832368794759425172e-04
1.119780930130759918e-04
5.089913318776181599e-06
2.035965327510472640e-05
1.374276596069568879e-04
7.125878646286653900e-05
9.161843973797125862e-05
5.089913318776181260e-05
6.616887314409036248e-05
1.374276596069568879e-04
1.272478329694045349e-04
5.089913318776181260e-05
7.125878646286653900e-05
5.089913318776181599e-06
1.170680063318521683e-04
1.679671395196139741e-04
2.952149724890185361e-04
5.598904650653799590e-05
9.161843973797125862e-05
1.985066194322710603e-04
1.526973995632854310e-04
2.544956659388090630e-05
3.562939323143326950e-05
1.526973995632854310e-04
7.634869978164271552e-05
1.476074862445092681e-04
7.634869978164271552e-05
1.374276596069568879e-04
1.679671395196139741e-04
3.003048858077946720e-04
1.985066194322710603e-04
2.646754925763614499e-04
3.053947991265708621e-05
2.646754925763614499e-04
1.170680063318521683e-04
5.089913318776181599e-06
3.562939323143326950e-05
1.017982663755236320e-05
2.290460993449281466e-04
1.017982663755236320e-05
8.143861310041890559e-05
9.670835305674744869e-05
6.107895982531417241e-05
2.341360126637043366e-04
8.143861310041890559e-05
2.595855792575852599e-04
2.748553192139137759e-04
2.341360126637043366e-04
1.577873128820616211e-04
1.119780930130759918e-04
5.089913318776181599e-06
1.577873128820616211e-04
2.901250591702423461e-04
3.562939323143326950e-05
2.035965327510472640e-05
1.374276596069568879e-04
2.035965327510472504e-04
3.562939323143326950e-05
2.952149724890185361e-04
1.068881796942998017e-04
6.616887314409036248e-05
2.341360126637043366e-04
2.646754925763614499e-04
1.323377462881807250e-04
1.119780930130759918e-04
5.089913318776181599e-06
1.526973995632854310e-05
1.985066194322710603e-04
2.850351458514661560e-04
1.119780930130759918e-04
5.089913318776181599e-06
1.679671395196139741e-04
1.221579196506283448e-04
8.652852641919508210e-05
2.035965327510472504e-04
8.143861310041890559e-05
2.544956659388090630e-05
4.580921986898562931e-05
1.068881796942998017e-04
8.652852641919508210e-05
5.089913318776181599e-06
5.089913318776181260e-05
2.188662727073757935e-04
1.374276596069568879e-04
1.221579196506283448e-04
1.221579196506283448e-04
6.616887314409036248e-05
1.526973995632854310e-05
3.562939323143326950e-05
2.035965327510472640e-05
2.137763593885996035e-04
2.748553192139137759e-04
1.323377462881807250e-04
2.392259259824805267e-04
1.068881796942998017e-04
4.071930655020945279e-05
7.125878646286653900e-05
9.161843973797125862e-05
4.071930655020945279e-05
2.901250591702423461e-04
1.730570528383901642e-04
1.068881796942998017e-04
2.290460993449281466e-04
1.170680063318521683e-04
6.107895982531417241e-05
9.161843973797125862e-05
2.799452325326899659e-04
8.652852641919508210e-05
2.035965327510472640e-05
4.071930655020945279e-05
1.119780930130759918e-04
3.562939323143326950e-05
1.272478329694045349e-04
5.089913318776181599e-06
1.526973995632854310e-05
6.107895982531417241e-05
5.089913318776181599e-06
5.089913318776181260e-05
1.526973995632854310e-04
4.071930655020945279e-05
1.272478329694045349e-04
2.137763593885996035e-04
1.221579196506283448e-04
3.562939323143326950e-05
1.526973995632854310e-05
5.598904650653799590e-05
8.143861310041890559e-05
3.562939323143326950e-05
1.068881796942998017e-04
6.616887314409036248e-05
1.221579196506283448e-04
2.544956659388090630e-05
9.670835305674744869e-05
4.071930655020945279e-05
5.089913318776181260e-05
6.107895982531417241e-05
1.017982663755236320e-05
3.053947991265708621e-04
1.730570528383901642e-04
3.053947991265708621e-05
5.089913318776181599e-06
8.143861310041890559e-05
1.221579196506283448e-04
9.670835305674744869e-05
1.730570528383901642e-04
5.089913318776181260e-05
1.781469661571663543e-04
5.089913318776181599e-06
5.089913318776181599e-06
1.883267927947187073e-04
2.544956659388090630e-05
1.577873128820616211e-04
2.544956659388090630e-05
2.239561860261519836e-04
5.089913318776181599e-06
6.616887314409036248e-05
5.089913318776181599e-06
2.544956659388090630e-05
7.634869978164271552e-05
2.035965327510472504e-04
3.053947991265708621e-05
6.616887314409036248e-05
1.323377462881807250e-04
5.089913318776181260e-05
1.526973995632854310e-05
9.670835305674744869e-05
2.341360126637043366e-04
1.119780930130759918e-04
2.290460993449281466e-04
1.374276596069568879e-04
1.221579196506283448e-04
1.425175729257330780e-04
1.170680063318521683e-04
5.089913318776181599e-06
1.374276596069568879e-04
1.730570528383901642e-04
2.544956659388090698e-04
7.634869978164271552e-05
7.634869978164271552e-05
8.652852641919508210e-05
1.526973995632854310e-05
9.670835305674744869e-05
1.068881796942998017e-04
5.089913318776181599e-06
1.017982663755236320e-05
9.670835305674744869e-05
5.089913318776181260e-05
1.221579196506283448e-04
5.089913318776181599e-06
5.089913318776181599e-06
1.221579196506283448e-04
2.494057526200328797e-04
4.071930655020945279e-05
9.161843973797125862e-05
7.125878646286653900e-05
1.119780930130759918e-04
1.221579196506283448e-04
2.392259259824805267e-04
4.071930655020945279e-05
5.089913318776181599e-06
1.017982663755236320e-05
1.577873128820616211e-04
1.832368794759425172e-04
5.598904650653799590e-05
1.679671395196139741e-04
5.089913318776181599e-06
2.035965327510472504e-04
5.089913318776181599e-06
1.425175729257330780e-04
8.143861310041890559e-05
8.652852641919508210e-05
5.598904650653799590e-05
4.071930655020945279e-05
2.544956659388090698e-04
8.652852641919508210e-05
3.053947991265708621e-05
5.089913318776181599e-06
1.017982663755236320e-05
1.119780930130759918e-04
2.544956659388090630e-05
5.089913318776181599e-06
9.670835305674744869e-05
1.628772262008378112e-04
3.562939323143326950e-05
2.035965327510472504e-04
5.089913318776181599e-06
1.526973995632854310e-04
8.652852641919508210e-05
2.646754925763614499e-04
1.883267927947187073e-04
1.526973995632854310e-04
4.580921986898562931e-05
1.272478329694045349e-04
2.697654058951375858e-04
8.143861310041890559e-05
9.670835305674744869e-05
1.272478329694045349e-04
1.017982663755236320e-05
4.071930655020945279e-05
5.089913318776181599e-06
2.035965327510472640e-05
5.089913318776181599e-06
3.562939323143326950e-05
9.670835305674744869e-05
5.089913318776181599e-06
1.425175729257330780e-04
4.580921986898562931e-05
1.425175729257330780e-04
1.781469661571663543e-04
5.089913318776181599e-06
1.425175729257330780e-04
8.652852641919508210e-05
2.035965327510472504e-04
5.089913318776181599e-06
1.170680063318521683e-04
4.071930655020945279e-05
2.341360126637043366e-04
1.781469661571663543e-04
1.272478329694045349e-04
2.035965327510472504e-04
1.374276596069568879e-04
2.544956659388090698e-04
1.017982663755236320e-05
6.616887314409036248e-05
5.089913318776181260e-05
1.221579196506283448e-04
9.161843973797125862e-05
1.017982663755236252e-04
5.089913318776181599e-06
2.544956659388090630e-05
3.562939323143326950e-05
5.598904650653799590e-05
7.125878646286653900e-05
5.089913318776181599e-06
1.119780930130759918e-04
1.425175729257330780e-04
1.170680063318521683e-04
6.616887314409036248e-05
2.086864460698234405e-04
5.089913318776181599e-06
1.017982663755236252e-04
3.562939323143326950e-05
1.017982663755236320e-05
1.017982663755236320e-05
5.598904650653799590e-05
8.143861310041890559e-05
1.017982663755236252e-04
1.119780930130759918e-04
2.544956659388090630e-05
1.781469661571663543e-04
1.832368794759425172e-04
2.035965327510472640e-05
1.272478329694045349e-04
1.934167061134948974e-04
1.017982663755236320e-05
4.071930655020945279e-05
5.089913318776181599e-06
1.730570528383901642e-04
1.068881796942998017e-04
1.526973995632854310e-05
5.089913318776181260e-05
7.125878646286653900e-05
4.580921986898562931e-05
1.526973995632854310e-05
1.272478329694045349e-04
1.577873128820616211e-04
5.089913318776181260e-05
1.577873128820616211e-04
2.035965327510472640e-05
4.071930655020945279e-05
1.221579196506283448e-04
2.035965327510472640e-05
3.562939323143326950e-05
2.544956659388090698e-04
8.143861310041890559e-05
6.107895982531417241e-05
5.089913318776181260e-05
1.119780930130759918e-04
1.730570528383901642e-04
5.089913318776181599e-06
2.035965327510472504e-04
2.086864460698234405e-04
1.883267927947187073e-04
1.526973995632854310e-05
5.089913318776181599e-06
1.017982663755236252e-04
6.107895982531417241e-05
3.053947991265708621e-05
7.634869978164271552e-05
2.341360126637043366e-04
9.670835305674744869e-05
2.086864460698234405e-04
1.017982663755236252e-04
5.598904650653799590e-05
1.119780930130759918e-04
2.035965327510472640e-05
7.125878646286653900e-05
5.598904650653799590e-05
4.580921986898562931e-05
1.832368794759425172e-04
9.670835305674744869e-05
4.071930655020945279e-05
1.476074862445092681e-04
1.883267927947187073e-04
1.272478329694045349e-04
5.089913318776181599e-06
2.544956659388090630e-05
6.107895982531417241e-05
7.634869978164271552e-05
1.221579196506283448e-04
1.170680063318521683e-04
4.071930655020945279e-05
1.119780930130759918e-04
8.143861310041890559e-05
5.089913318776181599e-06
5.089913318776181599e-06
1.526973995632854310e-05
5.598904650653799590e-05
1.017982663755236252e-04
1.017982663755236252e-04
5.089913318776181599e-06
8.143861310041890559e-05
2.544956659388090630e-05
5.089913318776181599e-06
6.616887314409036248e-05
6.107895982531417241e-05
1.119780930130759918e-04
4.580921986898562931e-05
3.562939323143326950e-05
6.107895982531417241e-05
9.161843973797125862e-05
1.017982663755236320e-05
3.053947991265708621e-05
2.290460993449281466e-04
9.670835305674744869e-05
9.670835305674744869e-05
3.562939323143326950e-05
7.125878646286653900e-05
1.119780930130759918e-04
7.634869978164271552e-05
1.476074862445092681e-04
5.089913318776181260e-05
5.089913318776181599e-06
8.652852641919508210e-05
1.170680063318521683e-04
6.616887314409036248e-05
5.089913318776181599e-06
2.035965327510472640e-05
1.425175729257330780e-04
1.730570528383901642e-04
4.580921986898562931e-05
5.089913318776181260e-05
1.170680063318521683e-04
2.035965327510472640e-05
2.188662727073757935e-04
1.526973995632854310e-04
5.598904650653799590e-05
1.221579196506283448e-04
4.071930655020945279e-05
1.526973995632854310e-04
2.188662727073757935e-04
1.323377462881807250e-04
5.089913318776181599e-06
2.341360126637043366e-04
2.544956659388090630e-05
3.562939323143326950e-05
5.089913318776181599e-06
1.119780930130759918e-04
1.068881796942998017e-04
2.544956659388090630e-05
4.580921986898562931e-05
1.781469661571663543e-04
6.107895982531417241e-05
1.017982663755236320e-05
1.476074862445092681e-04
1.730570528383901642e-04
1.017982663755236252e-04
1.883267927947187073e-04
2.494057526200328797e-04
5.089913318776181599e-06
1.170680063318521683e-04
9.161843973797125862e-05
3.562939323143326950e-05
5.089913318776181260e-05
2.952149724890185361e-04
5.089913318776181599e-06
5.089913318776181599e-06
2.035965327510472640e-05
2.035965327510472640e-05
2.035965327510472640e-05
6.107895982531417241e-05
2.035965327510472640e-05
5.089913318776181599e-06
1.832368794759425172e-04
5.089913318776181599e-06
5.089913318776181599e-06
2.595855792575852599e-04
7.125878646286653900e-05
8.143861310041890559e-05
1.476074862445092681e-04
1.170680063318521683e-04
3.562939323143326950e-05
5.089913318776181260e-05
7.125878646286653900e-05
4.580921986898562931e-05
4.071930655020945279e-05
2.035965327510472504e-04
6.616887314409036248e-05
1.985066194322710603e-04
2.035965327510472504e-04
3.562939323143326950e-05
5.089913318776181260e-05
9.161843973797125862e-05
5.089913318776181599e-06
1.323377462881807250e-04
1.425175729257330780e-04
4.580921986898562931e-05
5.089913318776181260e-05
1.323377462881807250e-04
7.125878646286653900e-05
1.170680063318521683e-04
9.161843973797125862e-05
8.652852641919508210e-05
7.125878646286653900e-05
1.730570528383901642e-04
5.089913318776181599e-06
1.170680063318521683e-04
1.068881796942998017e-04
7.125878646286653900e-05
3.053947991265708621e-05
6.107895982531417241e-05
1.577873128820616211e-04
1.526973995632854310e-05
1.170680063318521683e-04
5.089913318776181599e-06
5.598904650653799590e-05
3.562939323143326950e-05
2.544956659388090630e-05
1.017982663755236252e-04
1.017982663755236320e-05
2.544956659388090630e-05
2.035965327510472640e-05
5.089913318776181599e-06
3.562939323143326950e-05
5.089913318776181599e-06
4.071930655020945279e-05
5.089913318776181260e-05
8.143861310041890559e-05
3.053947991265708621e-05
1.781469661571663543e-04
5.089913318776181599e-06
4.580921986898562931e-05
4.580921986898562931e-05
1.221579196506283448e-04
1.628772262008378112e-04
1.526973995632854310e-05
2.035965327510472640e-05
1.425175729257330780e-04
1.832368794759425172e-04
1.526973995632854310e-05
1.781469661571663543e-04
7.125878646286653900e-05
5.089913318776181599e-06
2.035965327510472504e-04
1.577873128820616211e-04
4.580921986898562931e-05
7.125878646286653900e-05
5.089913318776181599e-06
9.161843973797125862e-05
8.652852641919508210e-05
9.161843973797125862e-05
6.107895982531417241e-05
7.634869978164271552e-05
4.580921986898562931e-05
8.143861310041890559e-05
5.089913318776181599e-06
1.781469661571663543e-04
6.616887314409036248e-05
1.068881796942998017e-04
1.526973995632854310e-04
5.089913318776181599e-06
6.107895982531417241e-05
1.781469661571663543e-04
5.089913318776181599e-06
3.562939323143326950e-05
6.107895982531417241e-05
6.616887314409036248e-05
5.089913318776181599e-06
7.634869978164271552e-05
6.616887314409036248e-05
6.107895982531417241e-05
1.832368794759425172e-04
1.017982663755236320e-05
1.832368794759425172e-04
6.107895982531417241e-05
5.089913318776181599e-06
9.161843973797125862e-05
1.170680063318521683e-04
7.634869978164271552e-05
1.425175729257330780e-04
2.035965327510472640e-05
4.071930655020945279e-05
3.562939323143326950e-05
5.089913318776181599e-06
1.425175729257330780e-04
4.580921986898562931e-05
9.670835305674744869e-05
2.086864460698234405e-04
4.071930655020945279e-05
7.125878646286653900e-05
9.670835305674744869e-05
1.628772262008378112e-04
3.053947991265708621e-05
3.562939323143326950e-05
2.544956659388090630e-05
7.634869978164271552e-05
6.616887314409036248e-05
1.526973995632854310e-05
5.089913318776181599e-06
5.089913318776181599e-06
6.616887314409036248e-05
8.652852641919508210e-05
1.221579196506283448e-04
1.374276596069568879e-04
6.616887314409036248e-05
5.598904650653799590e-05
8.143861310041890559e-05
1.476074862445092681e-04
1.526973995632854310e-05
9.161843973797125862e-05
5.598904650653799590e-05
5.089913318776181599e-06
4.071930655020945279e-05
4.580921986898562931e-05
1.221579196506283448e-04
8.652852641919508210e-05
4.071930655020945279e-05
6.616887314409036248e-05
8.652852641919508210e-05
6.107895982531417241e-05
1.526973995632854310e-05
5.089913318776181599e-06
6.107895982531417241e-05
1.425175729257330780e-04
2.035965327510472504e-04
6.107895982531417241e-05
1.323377462881807250e-04
4.071930655020945279e-05
7.634869978164271552e-05
1.425175729257330780e-04
8.143861310041890559e-05
6.107895982531417241e-05
1.577873128820616211e-04
3.053947991265708621e-05
5.089913318776181599e-06
1.017982663755236320e-05
5.089913318776181599e-06
4.071930655020945279e-05
3.562939323143326950e-05
1.526973995632854310e-05
2.290460993449281466e-04
9.161843973797125862e-05
5.089913318776181599e-06
2.035965327510472640e-05
4.071930655020945279e-05
9.161843973797125862e-05
3.562939323143326950e-05
5.089913318776181599e-06
5.089913318776181599e-06
1.526973995632854310e-05
3.053947991265708621e-05
1.017982663755236320e-05
2.595855792575852599e-04
1.526973995632854310e-04
7.634869978164271552e-05
6.107895982531417241e-05
1.017982663755236320e-05
1.526973995632854310e-04
1.832368794759425172e-04
1.017982663755236320e-05
7.125878646286653900e-05
7.634869978164271552e-05
2.544956659388090630e-05
3.053947991265708621e-05
5.089913318776181599e-06
1.272478329694045349e-04
1.883267927947187073e-04
6.616887314409036248e-05
1.526973995632854310e-05
5.089913318776181260e-05
5.089913318776181599e-06
1.017982663755236252e-04
8.652852641919508210e-05
4.580921986898562931e-05
4.580921986898562931e-05
5.089913318776181599e-06
1.934167061134948974e-04
8.652852641919508210e-05
5.089913318776181599e-06
6.616887314409036248e-05
9.161843973797125862e-05
1.017982663755236320e-05
5.089913318776181599e-06
1.017982663755236320e-05
8.143861310041890559e-05
9.161843973797125862e-05
1.526973995632854310e-05
8.652852641919508210e-05
9.670835305674744869e-05
5.089913318776181599e-06
9.670835305674744869e-05
5.089913318776181599e-06
3.562939323143326950e-05
7.125878646286653900e-05
5.089913318776181599e-06
3.053947991265708621e-05
1.526973995632854310e-05
3.053947991265708621e-05
5.089913318776181599e-06
5.089913318776181260e-05
9.161843973797125862e-05
9.670835305674744869e-05
1.730570528383901642e-04
2.544956659388090630e-05
1.272478329694045349e-04
5.089913318776181599e-06
1.017982663755236320e-05
1.374276596069568879e-04
4.580921986898562931e-05
3.562939323143326950e-05
5.089913318776181260e-05
1.883267927947187073e-04
5.089913318776181260e-05
5.089913318776181599e-06
1.577873128820616211e-04
4.071930655020945279e-05
1.017982663755236320e-05
7.634869978164271552e-05
1.272478329694045349e-04
5.089913318776181599e-06
4.580921986898562931e-05
5.089913318776181260e-05
8.143861310041890559e-05
1.068881796942998017e-04
5.089913318776181599e-06
1.832368794759425172e-04
1.526973995632854310e-05
7.125878646286653900e-05
5.598904650653799590e-05
6.616887314409036248e-05
3.562939323143326950e-05
5.089913318776181260e-05
5.598904650653799590e-05
3.562939323143326950e-05
5.089913318776181599e-06
2.239561860261519836e-04
7.125878646286653900e-05
3.053947991265708621e-05
1.374276596069568879e-04
1.781469661571663543e-04
7.125878646286653900e-05
8.652852641919508210e-05
9.670835305674744869e-05
5.089913318776181599e-06
5.598904650653799590e-05
2.392259259824805267e-04
3.053947991265708621e-05
2.544956659388090630e-05
1.272478329694045349e-04
9.670835305674744869e-05
1.068881796942998017e-04
5.598904650653799590e-05
4.580921986898562931e-05
1.068881796942998017e-04
8.652852641919508210e-05
5.089913318776181260e-05
6.107895982531417241e-05
1.068881796942998017e-04
2.392259259824805267e-04
2.392259259824805267e-04
2.188662727073757935e-04
9.161843973797125862e-05
1.526973995632854310e-05
5.089913318776181599e-06
1.221579196506283448e-04
5.598904650653799590e-05
1.425175729257330780e-04
9.670835305674744869e-05
7.634869978164271552e-05
6.107895982531417241e-05
6.107895982531417241e-05
1.374276596069568879e-04
1.374276596069568879e-04
1.068881796942998017e-04
8.652852641919508210e-05
1.170680063318521683e-04
8.143861310041890559e-05
6.107895982531417241e-05
2.035965327510472640e-05
4.071930655020945279e-05
2.035965327510472640e-05
3.562939323143326950e-05
5.089913318776181599e-06
2.035965327510472640e-05
1.272478329694045349e-04
2.035965327510472640e-05
9.670835305674744869e-05
7.634869978164271552e-05
5.089913318776181599e-06
5.089913318776181599e-06
1.017982663755236320e-05
4.071930655020945279e-05
1.119780930130759918e-04
4.580921986898562931e-05
1.526973995632854310e-05
4.071930655020945279e-05
9.161843973797125862e-05
1.272478329694045349e-04
7.125878646286653900e-05
1.985066194322710603e-04
3.562939323143326950e-05
1.221579196506283448e-04
1.526973995632854310e-05
9.670835305674744869e-05
2.544956659388090630e-05
6.616887314409036248e-05
9.670835305674744869e-05
2.035965327510472640e-05
7.634869978164271552e-05
1.068881796942998017e-04
8.652852641919508210e-05
8.652852641919508210e-05
4.580921986898562931e-05
2.035965327510472640e-05
4.071930655020945279e-05
1.017982663755236320e-05
1.425175729257330780e-04
6.616887314409036248e-05
1.425175729257330780e-04
3.053947991265708621e-05
5.089913318776181599e-06
1.221579196506283448e-04
9.161843973797125862e-05
1.017982663755236320e-05
2.290460993449281466e-04
1.425175729257330780e-04
4.071930655020945279e-05
1.985066194322710603e-04
1.526973995632854310e-05
5.089913318776181260e-05
1.017982663755236252e-04
1.526973995632854310e-04
8.652852641919508210e-05
5.089913318776181599e-06
1.170680063318521683e-04
5.598904650653799590e-05
2.290460993449281466e-04
5.089913318776181599e-06
1.170680063318521683e-04
5.089913318776181599e-06
1.068881796942998017e-04
1.679671395196139741e-04
1.119780930130759918e-04
3.562939323143326950e-05
1.017982663755236320e-05
5.598904650653799590e-05
4.580921986898562931e-05
1.068881796942998017e-04
5.089913318776181260e-05
9.670835305674744869e-05
1.526973995632854310e-05
1.017982663755236320e-05
5.089913318776181599e-06
5.598904650653799590e-05
