1.585054239733554513e-02
7.791554018369818702e-03
7.616260908063257964e-03
6.827441911683735515e-03
6.638664715968977531e-03
6.218410720746838684e-03
6.092559256937000317e-03
5.103726327002555511e-03
4.914949131287797528e-03
4.555373520402544556e-03
4.368843672255820314e-03
4.422780013888607566e-03
4.377833062527951812e-03
4.328391416031229441e-03
4.236250165741883324e-03
4.186808519245160953e-03
3.860943121880400664e-03
3.807006780247612545e-03
3.411473608273834883e-03
3.267643363919733521e-03
3.105834339021370030e-03
3.278880101759897893e-03
3.157523333086125275e-03
3.211459674718912961e-03
3.166512723358256339e-03
3.177749461198420711e-03
3.002456350891859974e-03
3.045155954684483721e-03
2.953014704395137604e-03
2.979982875211531664e-03
2.948520009259071855e-03
2.962004094667269102e-03
2.510287233492670446e-03
2.606923178918081879e-03
2.618159916758246251e-03
2.467587629700046699e-03
2.757495465976281430e-03
2.899078362762349918e-03
2.685580343799230749e-03
2.382188422114799205e-03
2.620407264326279125e-03
2.224874092352501029e-03
2.281057781553321590e-03
2.669848910823001062e-03
2.485566410244309261e-03
2.831657935721364986e-03
2.314767995073814272e-03
2.442866806451685514e-03
2.397919855091028892e-03
2.415898635635291454e-03
2.393425159954963143e-03
2.377693726978733456e-03
2.429382721043488267e-03
2.343983513458240773e-03
2.397919855091028892e-03
2.366456989138569084e-03
2.312520647505781398e-03
2.229368787488566778e-03
2.276563086417255841e-03
2.233863482624632094e-03
2.161948360447581846e-03
2.258584305872993279e-03
2.155206317743483223e-03
2.164195708015614721e-03
2.152958970175450348e-03
2.177679793423811534e-03
1.957439731756594175e-03
2.087785890702498291e-03
2.072054457726268603e-03
2.042838939341841669e-03
2.029354853933644856e-03
1.932718908508233207e-03
2.011376073389382294e-03
1.620337596551669947e-03
1.761920493337738218e-03
1.793383359290197810e-03
1.941708298780364488e-03
1.838330310650854432e-03
1.896761347419707866e-03
1.856309091195116993e-03
1.582132687895111732e-03
1.777651926313967906e-03
1.743941712793475440e-03
1.847319700922985712e-03
1.797878054426263342e-03
1.764167840905770876e-03
1.890019304715609460e-03
1.755178450633639595e-03
1.656295157640195071e-03
1.683263328456589131e-03
1.743941712793475440e-03
1.779899273882000780e-03
1.627079639255768354e-03
1.483249394901667208e-03
1.649553114936096665e-03
1.656295157640195071e-03
1.624832291687735479e-03
1.615842901415604198e-03
1.602358816007407169e-03
1.469765309493470395e-03
1.566401254918882045e-03
1.579885340327078858e-03
1.530443693830356704e-03
1.552917169510685015e-03
1.559659212214783422e-03
1.597864120871341637e-03
1.636069029527899635e-03
1.577637992759046200e-03
1.460775919221339115e-03
1.564153907350849170e-03
1.501228175445929987e-03
1.431560400836912180e-03
1.440549791109043461e-03
1.409086925156583870e-03
1.366387321363960123e-03
1.429313053268879306e-03
1.316945674867237969e-03
1.391108144612321308e-03
1.498980827877897113e-03
1.240535857554121756e-03
1.427065705700846648e-03
1.334924455411500531e-03
1.442797138677076336e-03
1.164126040241005543e-03
1.382118754340190027e-03
1.364139973795927465e-03
1.348408540819697561e-03
1.395602839748387057e-03
1.341666498115599154e-03
1.355150583523795967e-03
1.265256680802482941e-03
1.388860797044288433e-03
1.388860797044288433e-03
1.301214241891008065e-03
1.328182412707402124e-03
1.377624059204124278e-03
1.386613449476255559e-03
1.303461589459040939e-03
1.323687717571336376e-03
1.289977504050843909e-03
1.249525247826253037e-03
1.224804424577891852e-03
1.247277900258220162e-03
1.314698327299205095e-03
1.236041162418056007e-03
1.231546467281990475e-03
1.211320339169695039e-03
1.285482808914778377e-03
1.251772595394285911e-03
1.200083601329530883e-03
1.175362778081169698e-03
1.222557077009859194e-03
1.229299119713957601e-03
1.179857473217235447e-03
1.211320339169695039e-03
1.269751375938548473e-03
1.146147259696742981e-03
1.238288509986088881e-03
1.182104820785268105e-03
6.719569228418159059e-04
1.193341558625432260e-03
1.193341558625432260e-03
1.159631345104939794e-03
1.139405216992644358e-03
9.483806737098539330e-04
1.128168479152480202e-03
1.179857473217235447e-03
1.195588906193465134e-03
9.169178077573943413e-04
1.164126040241005543e-03
1.182104820785268105e-03
1.080974180223790923e-03
1.074232137519692300e-03
1.103447655904119234e-03
1.103447655904119234e-03
1.092210918063955078e-03
1.078726832655758049e-03
1.114684393744283389e-03
1.101200308336086359e-03
1.033779881295101427e-03
1.168620735377071292e-03
1.101200308336086359e-03
1.092210918063955078e-03
1.130415826720513077e-03
1.085468875359856455e-03
1.036027228863134302e-03
1.105695003472151891e-03
1.076479485087725174e-03
1.116931741312316047e-03
1.083221527791823798e-03
1.123673784016414670e-03
1.121426436448381796e-03
1.168620735377071292e-03
1.089963570495922204e-03
1.150641954832808513e-03
1.067490094815593893e-03
1.062995399679528144e-03
1.018048448318871740e-03
9.551227164139524479e-04
1.038274576431167176e-03
1.245030552690187505e-03
1.101200308336086359e-03
1.042769271567232708e-03
1.009059058046740242e-03
1.018048448318871740e-03
1.042769271567232708e-03
9.393912834377226521e-04
1.222557077009859194e-03
1.020295795886904397e-03
1.051758661839363989e-03
1.022543143454937272e-03
1.049511314271331331e-03
1.022543143454937272e-03
9.978223202065760866e-04
9.596174115500180884e-04
9.775961920942806502e-04
1.038274576431167176e-03
9.551227164139524479e-04
7.685928682672275554e-04
9.371439358696897776e-04
1.119179088880348921e-03
9.056810699172301860e-04
9.483806737098539330e-04
1.051758661839363989e-03
9.663594542541166033e-04
9.281545455975584967e-04
9.775961920942806502e-04
9.551227164139524479e-04
1.022543143454937272e-03
8.764655515328033603e-04
9.731014969582151182e-04
9.101757650532958264e-04
8.877022893729675157e-04
9.731014969582151182e-04
9.798435396623135247e-04
9.281545455975584967e-04
9.056810699172301860e-04
9.461333261418211670e-04
8.697235088287049538e-04
9.371439358696897776e-04
9.056810699172301860e-04
7.258932644746038084e-04
9.393912834377226521e-04
8.607341185565735645e-04
8.921969845090332646e-04
9.708541493901822438e-04
8.899496369410003901e-04
9.753488445262478842e-04
9.079284174852630604e-04
6.831936606819800613e-04
9.236598504614928562e-04
9.011863747811645455e-04
9.281545455975584967e-04
8.629814661246064389e-04
7.685928682672275554e-04
8.539920758524751580e-04
9.326492407336241372e-04
7.798296061073917108e-04
8.225292099000154579e-04
8.832075942369018752e-04
7.888189963795231002e-04
8.382606428762453621e-04
8.607341185565735645e-04
8.090451244918185365e-04
8.607341185565735645e-04
7.843243012434574597e-04
8.989390272131316710e-04
9.079284174852630604e-04
6.742042704098487804e-04
7.798296061073917108e-04
8.360132953082124877e-04
8.045504293557528960e-04
8.629814661246064389e-04
7.865716488114902257e-04
8.337659477401796132e-04
8.135398196278841769e-04
6.944303985221442167e-04
7.393773498828008382e-04
8.000557342196872555e-04
7.843243012434574597e-04
8.000557342196872555e-04
8.090451244918185365e-04
8.584867709885407984e-04
8.180345147639498174e-04
8.337659477401796132e-04
7.640981731311619150e-04
7.910663439475558662e-04
7.820769536754245852e-04
7.933136915155887406e-04
7.820769536754245852e-04
7.371300023147679637e-04
7.438720450188664787e-04
8.360132953082124877e-04
7.551087828590306340e-04
8.719708563967377198e-04
6.764516179778816548e-04
7.843243012434574597e-04
7.169038742024725274e-04
7.528614352909977596e-04
7.640981731311619150e-04
7.910663439475558662e-04
7.753349109713260703e-04
7.281406120426366828e-04
7.798296061073917108e-04
7.483667401549321191e-04
7.685928682672275554e-04
7.573561304270635085e-04
7.326353071787023233e-04
5.528475017360759457e-04
7.506140877229649936e-04
6.899357033860785762e-04
7.596034779950962745e-04
7.596034779950962745e-04
7.438720450188664787e-04
7.753349109713260703e-04
7.865716488114902257e-04
7.775822585393589448e-04
7.730875634032933043e-04
7.416246974508336042e-04
7.146565266344396530e-04
7.348826547467351977e-04
6.966777460901770911e-04
6.090311909368967226e-04
7.146565266344396530e-04
7.551087828590306340e-04
7.753349109713260703e-04
7.753349109713260703e-04
6.742042704098487804e-04
6.899357033860785762e-04
6.180205812090280035e-04
7.011724412262427316e-04
6.966777460901770911e-04
7.011724412262427316e-04
6.764516179778816548e-04
7.191512217705054019e-04
6.764516179778816548e-04
7.011724412262427316e-04
7.213985693385381679e-04
6.404940568893563143e-04
7.079144839303412465e-04
6.382467093213235482e-04
6.831936606819800613e-04
6.989250936582098572e-04
6.629675325696846250e-04
7.034197887942756060e-04
7.483667401549321191e-04
6.809463131139472953e-04
7.528614352909977596e-04
7.034197887942756060e-04
6.742042704098487804e-04
6.607201850016517506e-04
6.472360995934548292e-04
6.809463131139472953e-04
7.101618314983740125e-04
6.854410082500129358e-04
6.202679287770608780e-04
6.359993617532906738e-04
6.359993617532906738e-04
6.449887520254219547e-04
6.584728374336189845e-04
6.270099714811593929e-04
6.921830509541114507e-04
6.517307947295204696e-04
7.528614352909977596e-04
6.899357033860785762e-04
6.225152763450937524e-04
6.270099714811593929e-04
4.899217698311567623e-04
6.449887520254219547e-04
6.921830509541114507e-04
6.315046666172250333e-04
7.011724412262427316e-04
6.337520141852577994e-04
6.494834471614877036e-04
6.719569228418159059e-04
6.921830509541114507e-04
6.764516179778816548e-04
6.539781422975533441e-04
6.202679287770608780e-04
6.584728374336189845e-04
6.045364958008310821e-04
6.899357033860785762e-04
6.876883558180457018e-04
6.067838433688638481e-04
6.584728374336189845e-04
6.607201850016517506e-04
6.247626239131265184e-04
6.292573190491921589e-04
6.270099714811593929e-04
5.955471055286998012e-04
6.315046666172250333e-04
6.517307947295204696e-04
6.292573190491921589e-04
6.494834471614877036e-04
6.854410082500129358e-04
6.539781422975533441e-04
6.225152763450937524e-04
6.404940568893563143e-04
6.517307947295204696e-04
5.775683249844371309e-04
6.045364958008310821e-04
5.932997579606669267e-04
6.045364958008310821e-04
5.843103676885356458e-04
6.359993617532906738e-04
6.337520141852577994e-04
5.910524103926340523e-04
6.247626239131265184e-04
5.730736298483714904e-04
5.461054590319775392e-04
6.067838433688638481e-04
5.483528066000103052e-04
6.764516179778816548e-04
5.416107638959118988e-04
6.247626239131265184e-04
6.539781422975533441e-04
6.292573190491921589e-04
5.888050628246012863e-04
6.225152763450937524e-04
6.045364958008310821e-04
5.393634163278790243e-04
5.303740260557477434e-04
6.562254898655861101e-04
4.854270746950911219e-04
5.640842395762401011e-04
6.022891482327982077e-04
6.404940568893563143e-04
5.775683249844371309e-04
6.022891482327982077e-04
5.550948493041088201e-04
6.180205812090280035e-04
5.685789347123058500e-04
5.573421968721416946e-04
5.528475017360759457e-04
5.798156725524698969e-04
5.977944530967325672e-04
6.315046666172250333e-04
5.865577152565684118e-04
5.461054590319775392e-04
5.438581114639446648e-04
6.629675325696846250e-04
5.618368920082073351e-04
5.798156725524698969e-04
5.483528066000103052e-04
6.022891482327982077e-04
4.989111601032880433e-04
5.416107638959118988e-04
6.067838433688638481e-04
5.595895444401744606e-04
5.236319833516492285e-04
5.573421968721416946e-04
5.977944530967325672e-04
5.506001541680431797e-04
5.303740260557477434e-04
5.640842395762401011e-04
5.438581114639446648e-04
5.483528066000103052e-04
5.685789347123058500e-04
5.708262822803386160e-04
5.798156725524698969e-04
6.000418006647654416e-04
5.146425930795179475e-04
5.079005503754194326e-04
6.157732336409952375e-04
4.989111601032880433e-04
5.573421968721416946e-04
5.011585076713209177e-04
5.461054590319775392e-04
5.258793309196819945e-04
5.056532028073865582e-04
5.550948493041088201e-04
6.449887520254219547e-04
5.146425930795179475e-04
5.123952455114850731e-04
5.191372882155835880e-04
4.876744222631239421e-04
5.685789347123058500e-04
5.977944530967325672e-04
5.843103676885356458e-04
5.393634163278790243e-04
5.416107638959118988e-04
4.584589038786971707e-04
5.685789347123058500e-04
5.348687211918133838e-04
5.371160687598461499e-04
5.461054590319775392e-04
5.461054590319775392e-04
4.899217698311567623e-04
5.595895444401744606e-04
5.775683249844371309e-04
5.663315871442729755e-04
5.123952455114850731e-04
4.359854281983688599e-04
5.506001541680431797e-04
5.101478979434521987e-04
5.348687211918133838e-04
5.483528066000103052e-04
4.472221660385330153e-04
4.944164649672224028e-04
5.258793309196819945e-04
6.764516179778816548e-04
5.168899406475507136e-04
5.236319833516492285e-04
5.168899406475507136e-04
4.944164649672224028e-04
4.921691173991896368e-04
4.854270746950911219e-04
5.191372882155835880e-04
6.000418006647654416e-04
4.854270746950911219e-04
5.011585076713209177e-04
4.831797271270583016e-04
4.921691173991896368e-04
4.786850319909926070e-04
5.011585076713209177e-04
4.764376844229597867e-04
5.753209774164042565e-04
4.607062514467299909e-04
4.652009465827956314e-04
5.168899406475507136e-04
5.056532028073865582e-04
4.921691173991896368e-04
4.674482941508285058e-04
4.741903368549269665e-04
5.079005503754194326e-04
4.899217698311567623e-04
4.966638125352552773e-04
4.562115563106643504e-04
4.764376844229597867e-04
4.854270746950911219e-04
4.674482941508285058e-04
4.269960379262375790e-04
4.382327757664016801e-04
5.079005503754194326e-04
4.696956417188613260e-04
4.696956417188613260e-04
4.899217698311567623e-04
4.652009465827956314e-04
4.809323795590254814e-04
4.764376844229597867e-04
4.809323795590254814e-04
5.101478979434521987e-04
5.348687211918133838e-04
5.393634163278790243e-04
4.741903368549269665e-04
4.449748184705001951e-04
4.831797271270583016e-04
4.539642087426315302e-04
4.427274709024673748e-04
4.584589038786971707e-04
5.079005503754194326e-04
4.652009465827956314e-04
4.517168611745986558e-04
4.831797271270583016e-04
4.674482941508285058e-04
4.764376844229597867e-04
4.831797271270583016e-04
4.629535990147628111e-04
4.764376844229597867e-04
4.562115563106643504e-04
4.854270746950911219e-04
4.607062514467299909e-04
4.337380806303360397e-04
4.112646049500077289e-04
4.584589038786971707e-04
5.056532028073865582e-04
5.146425930795179475e-04
4.786850319909926070e-04
4.921691173991896368e-04
4.135119525180406034e-04
4.674482941508285058e-04
4.449748184705001951e-04
3.932858244057451129e-04
4.809323795590254814e-04
5.056532028073865582e-04
3.573282633172198265e-04
4.674482941508285058e-04
4.180066476541062438e-04
4.696956417188613260e-04
4.404801233344345546e-04
3.820490865655809575e-04
4.382327757664016801e-04
4.022752146778764480e-04
4.247486903582047045e-04
4.427274709024673748e-04
4.786850319909926070e-04
4.157593000860734236e-04
4.382327757664016801e-04
4.269960379262375790e-04
4.090172573819749087e-04
4.539642087426315302e-04
3.708123487254168021e-04
4.045225622459092682e-04
4.382327757664016801e-04
4.494695136065658355e-04
4.225013427901718843e-04
4.494695136065658355e-04
4.112646049500077289e-04
4.921691173991896368e-04
3.865437817016466522e-04
4.202539952221390641e-04
3.528335681811541860e-04
5.034058552393537922e-04
4.314907330623032194e-04
4.314907330623032194e-04
4.180066476541062438e-04
4.629535990147628111e-04
4.225013427901718843e-04
4.202539952221390641e-04
4.022752146778764480e-04
4.269960379262375790e-04
3.887911292696794724e-04
4.112646049500077289e-04
4.382327757664016801e-04
3.955331719737779331e-04
3.842964341336137777e-04
4.067699098139420885e-04
3.887911292696794724e-04
3.820490865655809575e-04
4.045225622459092682e-04
3.775543914295153170e-04
3.573282633172198265e-04
2.899078362762349485e-04
3.168760070926288997e-04
4.022752146778764480e-04
4.112646049500077289e-04
4.135119525180406034e-04
3.887911292696794724e-04
4.225013427901718843e-04
4.067699098139420885e-04
4.225013427901718843e-04
3.236180497967274146e-04
4.090172573819749087e-04
3.708123487254168021e-04
3.258653973647602348e-04
4.112646049500077289e-04
4.067699098139420885e-04
3.842964341336137777e-04
3.932858244057451129e-04
4.269960379262375790e-04
5.506001541680431797e-04
4.112646049500077289e-04
4.292433854942703992e-04
3.056392692524647985e-04
3.932858244057451129e-04
4.135119525180406034e-04
4.899217698311567623e-04
3.820490865655809575e-04
3.775543914295153170e-04
3.753070438614824968e-04
3.820490865655809575e-04
3.595756108852527009e-04
4.000278671098436278e-04
3.483388730450885456e-04
4.112646049500077289e-04
3.281127449327930551e-04
3.753070438614824968e-04
4.067699098139420885e-04
3.932858244057451129e-04
4.067699098139420885e-04
4.157593000860734236e-04
3.415968303409900307e-04
3.213707022286945944e-04
3.753070438614824968e-04
3.663176535893511616e-04
3.977805195418107533e-04
3.640703060213183414e-04
3.618229584532855212e-04
3.550809157491870063e-04
4.000278671098436278e-04
4.067699098139420885e-04
3.910384768377122926e-04
3.685650011573839819e-04
4.090172573819749087e-04
4.000278671098436278e-04
3.753070438614824968e-04
3.865437817016466522e-04
3.955331719737779331e-04
3.798017389975481372e-04
2.741764033000051526e-04
3.977805195418107533e-04
3.415968303409900307e-04
3.775543914295153170e-04
3.842964341336137777e-04
3.460915254770557253e-04
3.798017389975481372e-04
3.708123487254168021e-04
4.045225622459092682e-04
3.460915254770557253e-04
4.135119525180406034e-04
3.887911292696794724e-04
3.595756108852527009e-04
3.865437817016466522e-04
3.326074400688587497e-04
3.842964341336137777e-04
3.640703060213183414e-04
3.640703060213183414e-04
3.708123487254168021e-04
3.910384768377122926e-04
3.191233546606617741e-04
3.483388730450885456e-04
3.685650011573839819e-04
3.438441779090228509e-04
3.483388730450885456e-04
3.505862206131213658e-04
3.753070438614824968e-04
3.393494827729572104e-04
3.685650011573839819e-04
3.550809157491870063e-04
3.640703060213183414e-04
3.438441779090228509e-04
3.415968303409900307e-04
3.146286595245960794e-04
3.685650011573839819e-04
3.078866168204976187e-04
2.944025314123006431e-04
3.685650011573839819e-04
3.753070438614824968e-04
3.483388730450885456e-04
3.393494827729572104e-04
3.573282633172198265e-04
3.348547876368915700e-04
3.640703060213183414e-04
3.191233546606617741e-04
4.157593000860734236e-04
3.483388730450885456e-04
3.460915254770557253e-04
2.651870130278738717e-04
3.640703060213183414e-04
3.528335681811541860e-04
3.123813119565632592e-04
3.326074400688587497e-04
1.932718908508233261e-04
3.528335681811541860e-04
3.483388730450885456e-04
3.348547876368915700e-04
3.415968303409900307e-04
3.842964341336137777e-04
3.595756108852527009e-04
3.056392692524647985e-04
3.528335681811541860e-04
3.573282633172198265e-04
3.438441779090228509e-04
3.460915254770557253e-04
3.663176535893511616e-04
3.528335681811541860e-04
3.146286595245960794e-04
2.786710984360708473e-04
3.258653973647602348e-04
3.191233546606617741e-04
3.078866168204976187e-04
1.663037200344293749e-04
3.887911292696794724e-04
3.371021352049243902e-04
3.348547876368915700e-04
3.865437817016466522e-04
3.528335681811541860e-04
3.146286595245960794e-04
3.415968303409900307e-04
3.573282633172198265e-04
3.326074400688587497e-04
3.505862206131213658e-04
3.528335681811541860e-04
3.191233546606617741e-04
3.550809157491870063e-04
2.314767995073814056e-04
3.460915254770557253e-04
3.438441779090228509e-04
2.966498789803334634e-04
3.011445741163991038e-04
3.236180497967274146e-04
3.415968303409900307e-04
2.944025314123006431e-04
4.584589038786971707e-04
3.191233546606617741e-04
3.281127449327930551e-04
2.854131411401693080e-04
3.056392692524647985e-04
3.236180497967274146e-04
3.685650011573839819e-04
3.236180497967274146e-04
3.258653973647602348e-04
3.213707022286945944e-04
3.483388730450885456e-04
2.899078362762349485e-04
3.303600925008258753e-04
3.303600925008258753e-04
3.146286595245960794e-04
2.944025314123006431e-04
2.988972265483662836e-04
2.876604887082021282e-04
3.258653973647602348e-04
3.685650011573839819e-04
3.483388730450885456e-04
3.078866168204976187e-04
3.123813119565632592e-04
3.236180497967274146e-04
3.640703060213183414e-04
3.033919216844319241e-04
3.033919216844319241e-04
2.876604887082021282e-04
3.146286595245960794e-04
3.618229584532855212e-04
3.348547876368915700e-04
3.550809157491870063e-04
2.988972265483662836e-04
3.033919216844319241e-04
3.528335681811541860e-04
3.191233546606617741e-04
3.033919216844319241e-04
3.078866168204976187e-04
3.438441779090228509e-04
3.011445741163991038e-04
2.517029276196768961e-04
3.236180497967274146e-04
2.854131411401693080e-04
3.326074400688587497e-04
3.460915254770557253e-04
2.988972265483662836e-04
3.708123487254168021e-04
2.988972265483662836e-04
1.910245432827904787e-04
3.258653973647602348e-04
2.584449703237753568e-04
3.056392692524647985e-04
3.213707022286945944e-04
2.764237508680379729e-04
3.101339643885304390e-04
2.854131411401693080e-04
3.011445741163991038e-04
3.033919216844319241e-04
2.561976227557425365e-04
3.168760070926288997e-04
3.415968303409900307e-04
3.236180497967274146e-04
3.011445741163991038e-04
2.966498789803334634e-04
2.157453665311516097e-04
2.921551838442678229e-04
3.078866168204976187e-04
2.741764033000051526e-04
2.921551838442678229e-04
2.719290557319723324e-04
3.146286595245960794e-04
2.517029276196768961e-04
3.213707022286945944e-04
2.539502751877097163e-04
2.966498789803334634e-04
3.123813119565632592e-04
3.101339643885304390e-04
2.629396654598409972e-04
2.269821043713157651e-04
2.561976227557425365e-04
2.899078362762349485e-04
3.415968303409900307e-04
3.078866168204976187e-04
3.146286595245960794e-04
3.303600925008258753e-04
3.146286595245960794e-04
3.213707022286945944e-04
2.921551838442678229e-04
2.719290557319723324e-04
3.056392692524647985e-04
2.449608849155783812e-04
2.966498789803334634e-04
3.168760070926288997e-04
2.944025314123006431e-04
2.741764033000051526e-04
2.966498789803334634e-04
2.944025314123006431e-04
2.314767995073814056e-04
4.494695136065658254e-06
3.483388730450885456e-04
3.663176535893511616e-04
4.067699098139420885e-04
3.123813119565632592e-04
2.112506713950859422e-04
3.865437817016466522e-04
3.191233546606617741e-04
2.674343605959066919e-04
2.831657935721364878e-04
2.966498789803334634e-04
2.921551838442678229e-04
3.236180497967274146e-04
2.876604887082021282e-04
2.764237508680379729e-04
2.719290557319723324e-04
2.561976227557425365e-04
2.741764033000051526e-04
3.281127449327930551e-04
3.146286595245960794e-04
3.415968303409900307e-04
2.854131411401693080e-04
2.741764033000051526e-04
3.955331719737779331e-04
3.056392692524647985e-04
3.123813119565632592e-04
3.146286595245960794e-04
2.629396654598409972e-04
2.899078362762349485e-04
2.696817081639395122e-04
2.831657935721364878e-04
2.741764033000051526e-04
2.719290557319723324e-04
2.831657935721364878e-04
2.696817081639395122e-04
2.741764033000051526e-04
2.022612811229546341e-04
2.786710984360708473e-04
2.719290557319723324e-04
2.786710984360708473e-04
2.786710984360708473e-04
2.517029276196768961e-04
2.764237508680379729e-04
2.921551838442678229e-04
2.854131411401693080e-04
2.966498789803334634e-04
2.786710984360708473e-04
3.078866168204976187e-04
2.696817081639395122e-04
2.472082324836112014e-04
2.719290557319723324e-04
2.764237508680379729e-04
2.786710984360708473e-04
2.876604887082021282e-04
2.539502751877097163e-04
2.269821043713157651e-04
2.517029276196768961e-04
2.741764033000051526e-04
2.696817081639395122e-04
2.921551838442678229e-04
3.146286595245960794e-04
2.517029276196768961e-04
7.191512217705053206e-05
1.752931103065606829e-04
2.449608849155783812e-04
2.404661897795127407e-04
2.921551838442678229e-04
2.764237508680379729e-04
2.944025314123006431e-04
2.606923178918081770e-04
2.854131411401693080e-04
2.179927140991844300e-04
2.449608849155783812e-04
2.629396654598409972e-04
2.561976227557425365e-04
2.382188422114798934e-04
2.719290557319723324e-04
3.056392692524647985e-04
2.629396654598409972e-04
2.809184460041036675e-04
2.786710984360708473e-04
2.606923178918081770e-04
2.494555800516440216e-04
2.831657935721364878e-04
2.876604887082021282e-04
2.561976227557425365e-04
2.651870130278738717e-04
2.494555800516440216e-04
2.427135373475455609e-04
2.696817081639395122e-04
2.629396654598409972e-04
2.517029276196768961e-04
2.719290557319723324e-04
2.899078362762349485e-04
3.326074400688587497e-04
2.944025314123006431e-04
2.337241470754142529e-04
2.269821043713157651e-04
2.427135373475455609e-04
2.404661897795127407e-04
2.831657935721364878e-04
2.606923178918081770e-04
2.382188422114798934e-04
2.831657935721364878e-04
2.472082324836112014e-04
2.561976227557425365e-04
2.517029276196768961e-04
2.337241470754142529e-04
2.584449703237753568e-04
2.427135373475455609e-04
2.472082324836112014e-04
2.764237508680379729e-04
2.157453665311516097e-04
2.337241470754142529e-04
2.517029276196768961e-04
2.134980189631187895e-04
2.561976227557425365e-04
2.561976227557425365e-04
2.719290557319723324e-04
2.539502751877097163e-04
2.359714946434470731e-04
2.674343605959066919e-04
2.988972265483662836e-04
2.314767995073814056e-04
2.517029276196768961e-04
2.382188422114798934e-04
2.314767995073814056e-04
2.247347568032829178e-04
2.696817081639395122e-04
3.371021352049243902e-04
2.764237508680379729e-04
2.606923178918081770e-04
2.112506713950859422e-04
2.517029276196768961e-04
2.921551838442678229e-04
2.090033238270531219e-04
2.449608849155783812e-04
2.449608849155783812e-04
2.584449703237753568e-04
2.472082324836112014e-04
2.674343605959066919e-04
2.359714946434470731e-04
2.337241470754142529e-04
1.932718908508233261e-04
2.382188422114798934e-04
2.561976227557425365e-04
2.337241470754142529e-04
2.292294519393485853e-04
2.584449703237753568e-04
2.314767995073814056e-04
2.134980189631187895e-04
2.517029276196768961e-04
2.404661897795127407e-04
2.022612811229546341e-04
2.382188422114798934e-04
2.314767995073814056e-04
1.955192384188561463e-04
2.359714946434470731e-04
2.921551838442678229e-04
2.674343605959066919e-04
2.831657935721364878e-04
2.404661897795127407e-04
2.269821043713157651e-04
2.314767995073814056e-04
2.202400616672172773e-04
2.157453665311516097e-04
2.404661897795127407e-04
2.112506713950859422e-04
2.539502751877097163e-04
2.359714946434470731e-04
2.202400616672172773e-04
1.865298481467248383e-04
2.539502751877097163e-04
2.134980189631187895e-04
2.629396654598409972e-04
2.382188422114798934e-04
2.224874092352500975e-04
3.078866168204976187e-04
2.292294519393485853e-04
2.629396654598409972e-04
2.561976227557425365e-04
2.157453665311516097e-04
2.427135373475455609e-04
2.269821043713157651e-04
2.067559762590203017e-04
2.112506713950859422e-04
2.427135373475455609e-04
2.382188422114798934e-04
2.427135373475455609e-04
2.134980189631187895e-04
2.337241470754142529e-04
2.090033238270531219e-04
2.269821043713157651e-04
2.539502751877097163e-04
2.134980189631187895e-04
2.224874092352500975e-04
2.314767995073814056e-04
2.382188422114798934e-04
1.842825005786919909e-04
2.269821043713157651e-04
2.584449703237753568e-04
2.067559762590203017e-04
2.224874092352500975e-04
2.404661897795127407e-04
2.494555800516440216e-04
2.719290557319723324e-04
1.887771957147576585e-04
2.157453665311516097e-04
2.359714946434470731e-04
1.932718908508233261e-04
2.292294519393485853e-04
2.269821043713157651e-04
2.314767995073814056e-04
2.337241470754142529e-04
2.022612811229546341e-04
2.022612811229546341e-04
2.112506713950859422e-04
2.224874092352500975e-04
2.202400616672172773e-04
2.202400616672172773e-04
1.707984151704950153e-04
2.224874092352500975e-04
1.707984151704950153e-04
2.179927140991844300e-04
2.472082324836112014e-04
2.269821043713157651e-04
2.157453665311516097e-04
2.472082324836112014e-04
2.202400616672172773e-04
2.045086286909874543e-04
2.404661897795127407e-04
1.977665859868889665e-04
2.269821043713157651e-04
1.932718908508233261e-04
2.539502751877097163e-04
2.314767995073814056e-04
2.179927140991844300e-04
1.910245432827904787e-04
2.427135373475455609e-04
2.179927140991844300e-04
2.404661897795127407e-04
2.090033238270531219e-04
2.112506713950859422e-04
1.820351530106591707e-04
2.224874092352500975e-04
2.157453665311516097e-04
2.786710984360708473e-04
1.887771957147576585e-04
2.359714946434470731e-04
2.090033238270531219e-04
2.134980189631187895e-04
2.022612811229546341e-04
2.292294519393485853e-04
2.067559762590203017e-04
2.179927140991844300e-04
2.179927140991844300e-04
2.517029276196768961e-04
1.775404578745935031e-04
2.090033238270531219e-04
2.112506713950859422e-04
1.977665859868889665e-04
1.932718908508233261e-04
1.820351530106591707e-04
1.910245432827904787e-04
2.224874092352500975e-04
2.090033238270531219e-04
2.112506713950859422e-04
2.202400616672172773e-04
1.955192384188561463e-04
2.292294519393485853e-04
2.427135373475455609e-04
1.977665859868889665e-04
1.370882016500025763e-04
1.910245432827904787e-04
2.337241470754142529e-04
2.112506713950859422e-04
2.337241470754142529e-04
1.820351530106591707e-04
1.775404578745935031e-04
1.955192384188561463e-04
2.045086286909874543e-04
2.224874092352500975e-04
1.887771957147576585e-04
2.382188422114798934e-04
2.000139335549218139e-04
2.045086286909874543e-04
2.404661897795127407e-04
2.179927140991844300e-04
1.752931103065606829e-04
1.977665859868889665e-04
2.045086286909874543e-04
1.977665859868889665e-04
2.112506713950859422e-04
2.269821043713157651e-04
2.382188422114798934e-04
1.932718908508233261e-04
1.505722870581995519e-04
1.932718908508233261e-04
2.067559762590203017e-04
1.797878054426263505e-04
2.157453665311516097e-04
1.932718908508233261e-04
1.955192384188561463e-04
1.865298481467248383e-04
2.179927140991844300e-04
1.775404578745935031e-04
2.584449703237753568e-04
2.067559762590203017e-04
2.179927140991844300e-04
2.157453665311516097e-04
1.618090248983637073e-04
2.045086286909874543e-04
1.977665859868889665e-04
1.887771957147576585e-04
2.067559762590203017e-04
2.067559762590203017e-04
1.977665859868889665e-04
2.090033238270531219e-04
2.247347568032829178e-04
1.797878054426263505e-04
1.820351530106591707e-04
1.887771957147576585e-04
1.752931103065606829e-04
2.247347568032829178e-04
1.707984151704950153e-04
1.977665859868889665e-04
2.112506713950859422e-04
1.775404578745935031e-04
1.887771957147576585e-04
2.157453665311516097e-04
2.112506713950859422e-04
2.134980189631187895e-04
1.595616773303308871e-04
1.775404578745935031e-04
2.134980189631187895e-04
1.325935065139369358e-04
2.090033238270531219e-04
2.090033238270531219e-04
2.045086286909874543e-04
1.865298481467248383e-04
2.000139335549218139e-04
1.932718908508233261e-04
1.775404578745935031e-04
2.134980189631187895e-04
1.910245432827904787e-04
1.550669821942652195e-04
1.977665859868889665e-04
2.067559762590203017e-04
1.910245432827904787e-04
2.494555800516440216e-04
1.752931103065606829e-04
2.157453665311516097e-04
2.000139335549218139e-04
1.932718908508233261e-04
2.022612811229546341e-04
1.887771957147576585e-04
2.269821043713157651e-04
1.797878054426263505e-04
1.663037200344293749e-04
1.438302443541010641e-04
1.910245432827904787e-04
1.460775919221339115e-04
2.045086286909874543e-04
1.842825005786919909e-04
1.550669821942652195e-04
1.618090248983637073e-04
2.269821043713157651e-04
1.820351530106591707e-04
1.955192384188561463e-04
2.067559762590203017e-04
1.910245432827904787e-04
1.887771957147576585e-04
1.820351530106591707e-04
1.775404578745935031e-04
1.820351530106591707e-04
1.820351530106591707e-04
1.685510676024621951e-04
1.752931103065606829e-04
1.663037200344293749e-04
1.775404578745935031e-04
1.865298481467248383e-04
1.775404578745935031e-04
1.707984151704950153e-04
1.865298481467248383e-04
1.977665859868889665e-04
1.573143297622980397e-04
2.382188422114798934e-04
1.550669821942652195e-04
1.820351530106591707e-04
1.528196346262323993e-04
1.865298481467248383e-04
1.887771957147576585e-04
1.752931103065606829e-04
1.752931103065606829e-04
9.214125028934599547e-05
1.685510676024621951e-04
2.202400616672172773e-04
1.483249394901667317e-04
1.932718908508233261e-04
1.730457627385278627e-04
1.797878054426263505e-04
1.932718908508233261e-04
1.977665859868889665e-04
2.045086286909874543e-04
1.797878054426263505e-04
2.090033238270531219e-04
1.797878054426263505e-04
1.573143297622980397e-04
2.247347568032829381e-05
1.573143297622980397e-04
1.865298481467248383e-04
2.224874092352500975e-04
2.000139335549218139e-04
1.842825005786919909e-04
1.685510676024621951e-04
1.887771957147576585e-04
1.752931103065606829e-04
1.842825005786919909e-04
1.752931103065606829e-04
1.707984151704950153e-04
1.640563724663965275e-04
1.618090248983637073e-04
1.797878054426263505e-04
2.472082324836112014e-04
1.550669821942652195e-04
1.797878054426263505e-04
2.022612811229546341e-04
1.752931103065606829e-04
1.730457627385278627e-04
1.842825005786919909e-04
1.663037200344293749e-04
1.730457627385278627e-04
1.887771957147576585e-04
1.887771957147576585e-04
2.022612811229546341e-04
2.022612811229546341e-04
1.865298481467248383e-04
1.685510676024621951e-04
1.797878054426263505e-04
1.752931103065606829e-04
1.910245432827904787e-04
1.932718908508233261e-04
1.865298481467248383e-04
1.842825005786919909e-04
1.910245432827904787e-04
1.752931103065606829e-04
1.236041162418056007e-04
1.663037200344293749e-04
1.797878054426263505e-04
1.707984151704950153e-04
2.112506713950859422e-04
1.932718908508233261e-04
1.528196346262323993e-04
1.595616773303308871e-04
1.370882016500025763e-04
1.528196346262323993e-04
1.730457627385278627e-04
1.752931103065606829e-04
1.932718908508233261e-04
1.707984151704950153e-04
1.550669821942652195e-04
1.820351530106591707e-04
1.528196346262323993e-04
1.932718908508233261e-04
1.505722870581995519e-04
1.752931103065606829e-04
1.820351530106591707e-04
1.618090248983637073e-04
1.528196346262323993e-04
1.910245432827904787e-04
1.236041162418056007e-04
1.505722870581995519e-04
1.887771957147576585e-04
1.415828967860682439e-04
1.910245432827904787e-04
1.663037200344293749e-04
1.550669821942652195e-04
1.663037200344293749e-04
1.550669821942652195e-04
1.685510676024621951e-04
1.752931103065606829e-04
1.663037200344293749e-04
1.797878054426263505e-04
1.707984151704950153e-04
1.775404578745935031e-04
1.280988113778712683e-04
1.752931103065606829e-04
1.820351530106591707e-04
1.640563724663965275e-04
1.460775919221339115e-04
1.865298481467248383e-04
1.573143297622980397e-04
1.685510676024621951e-04
1.842825005786919909e-04
1.752931103065606829e-04
1.370882016500025763e-04
1.640563724663965275e-04
1.438302443541010641e-04
1.528196346262323993e-04
1.685510676024621951e-04
1.955192384188561463e-04
1.797878054426263505e-04
1.438302443541010641e-04
1.730457627385278627e-04
1.775404578745935031e-04
1.730457627385278627e-04
1.955192384188561463e-04
1.505722870581995519e-04
1.528196346262323993e-04
1.797878054426263505e-04
2.000139335549218139e-04
1.460775919221339115e-04
1.595616773303308871e-04
1.618090248983637073e-04
1.663037200344293749e-04
1.483249394901667317e-04
1.573143297622980397e-04
1.663037200344293749e-04
1.573143297622980397e-04
1.707984151704950153e-04
1.236041162418056007e-04
1.528196346262323993e-04
1.707984151704950153e-04
1.438302443541010641e-04
1.910245432827904787e-04
1.258514638098384480e-04
1.595616773303308871e-04
1.528196346262323993e-04
1.595616773303308871e-04
1.505722870581995519e-04
1.730457627385278627e-04
1.573143297622980397e-04
1.483249394901667317e-04
1.528196346262323993e-04
1.393355492180354236e-04
1.550669821942652195e-04
1.460775919221339115e-04
1.618090248983637073e-04
1.707984151704950153e-04
1.573143297622980397e-04
1.258514638098384480e-04
1.325935065139369358e-04
1.460775919221339115e-04
1.797878054426263505e-04
1.393355492180354236e-04
1.258514638098384480e-04
2.112506713950859422e-04
1.640563724663965275e-04
1.460775919221339115e-04
1.775404578745935031e-04
1.640563724663965275e-04
1.730457627385278627e-04
1.303461589459040885e-04
1.595616773303308871e-04
1.370882016500025763e-04
1.505722870581995519e-04
1.663037200344293749e-04
1.707984151704950153e-04
1.483249394901667317e-04
1.775404578745935031e-04
1.325935065139369358e-04
1.685510676024621951e-04
1.618090248983637073e-04
1.595616773303308871e-04
1.595616773303308871e-04
1.865298481467248383e-04
1.505722870581995519e-04
1.573143297622980397e-04
1.618090248983637073e-04
1.550669821942652195e-04
1.618090248983637073e-04
1.663037200344293749e-04
1.595616773303308871e-04
1.640563724663965275e-04
1.460775919221339115e-04
1.370882016500025763e-04
1.573143297622980397e-04
1.325935065139369358e-04
1.438302443541010641e-04
1.505722870581995519e-04
1.550669821942652195e-04
1.505722870581995519e-04
1.258514638098384480e-04
1.236041162418056007e-04
1.573143297622980397e-04
1.573143297622980397e-04
1.303461589459040885e-04
1.415828967860682439e-04
1.438302443541010641e-04
1.528196346262323993e-04
1.887771957147576585e-04
1.752931103065606829e-04
1.325935065139369358e-04
1.528196346262323993e-04
1.730457627385278627e-04
1.191094211057399467e-04
1.393355492180354236e-04
6.067838433688639023e-05
1.820351530106591707e-04
1.370882016500025763e-04
1.573143297622980397e-04
1.303461589459040885e-04
1.752931103065606829e-04
1.505722870581995519e-04
1.685510676024621951e-04
1.640563724663965275e-04
1.663037200344293749e-04
1.663037200344293749e-04
1.438302443541010641e-04
1.460775919221339115e-04
1.011306405614773171e-04
1.550669821942652195e-04
1.550669821942652195e-04
1.483249394901667317e-04
1.460775919221339115e-04
1.573143297622980397e-04
1.618090248983637073e-04
1.595616773303308871e-04
1.078726832655758049e-04
1.370882016500025763e-04
1.168620735377071265e-04
1.910245432827904787e-04
1.595616773303308871e-04
1.505722870581995519e-04
1.685510676024621951e-04
1.685510676024621951e-04
1.393355492180354236e-04
1.505722870581995519e-04
1.483249394901667317e-04
1.528196346262323993e-04
1.595616773303308871e-04
1.775404578745935031e-04
1.460775919221339115e-04
1.438302443541010641e-04
1.550669821942652195e-04
1.370882016500025763e-04
1.483249394901667317e-04
1.415828967860682439e-04
1.460775919221339115e-04
1.460775919221339115e-04
1.370882016500025763e-04
1.528196346262323993e-04
1.370882016500025763e-04
1.370882016500025763e-04
1.370882016500025763e-04
1.415828967860682439e-04
1.618090248983637073e-04
1.348408540819697561e-04
1.707984151704950153e-04
1.325935065139369358e-04
1.393355492180354236e-04
1.393355492180354236e-04
1.191094211057399467e-04
1.370882016500025763e-04
1.370882016500025763e-04
9.888329299344448327e-05
1.730457627385278627e-04
1.258514638098384480e-04
1.595616773303308871e-04
1.438302443541010641e-04
1.348408540819697561e-04
1.348408540819697561e-04
1.213567686737727805e-04
1.393355492180354236e-04
1.550669821942652195e-04
1.303461589459040885e-04
1.325935065139369358e-04
1.505722870581995519e-04
1.505722870581995519e-04
1.483249394901667317e-04
1.101200308336086386e-04
1.730457627385278627e-04
1.595616773303308871e-04
1.573143297622980397e-04
1.370882016500025763e-04
1.483249394901667317e-04
1.460775919221339115e-04
1.595616773303308871e-04
1.640563724663965275e-04
1.573143297622980397e-04
1.078726832655758049e-04
1.168620735377071265e-04
1.505722870581995519e-04
1.348408540819697561e-04
1.415828967860682439e-04
1.595616773303308871e-04
1.438302443541010641e-04
1.528196346262323993e-04
1.370882016500025763e-04
4.494695136065658762e-05
1.370882016500025763e-04
1.483249394901667317e-04
1.370882016500025763e-04
1.460775919221339115e-04
1.370882016500025763e-04
1.168620735377071265e-04
1.101200308336086386e-04
1.415828967860682439e-04
1.303461589459040885e-04
1.483249394901667317e-04
1.460775919221339115e-04
1.483249394901667317e-04
1.573143297622980397e-04
1.573143297622980397e-04
1.236041162418056007e-04
1.191094211057399467e-04
1.348408540819697561e-04
1.460775919221339115e-04
1.415828967860682439e-04
1.663037200344293749e-04
1.303461589459040885e-04
1.505722870581995519e-04
1.393355492180354236e-04
1.280988113778712683e-04
1.438302443541010641e-04
1.438302443541010641e-04
1.483249394901667317e-04
1.258514638098384480e-04
1.168620735377071265e-04
1.168620735377071265e-04
1.348408540819697561e-04
1.056253356975429711e-04
1.550669821942652195e-04
1.325935065139369358e-04
1.303461589459040885e-04
1.348408540819697561e-04
1.011306405614773171e-04
1.505722870581995519e-04
1.213567686737727805e-04
1.370882016500025763e-04
1.573143297622980601e-05
1.483249394901667317e-04
1.415828967860682439e-04
1.438302443541010641e-04
1.325935065139369358e-04
1.370882016500025763e-04
1.191094211057399467e-04
1.325935065139369358e-04
1.303461589459040885e-04
1.573143297622980397e-04
1.325935065139369358e-04
1.280988113778712683e-04
1.146147259696742927e-04
1.280988113778712683e-04
1.303461589459040885e-04
1.370882016500025763e-04
1.348408540819697561e-04
1.033779881295101508e-04
1.393355492180354236e-04
1.168620735377071265e-04
1.348408540819697561e-04
1.505722870581995519e-04
1.460775919221339115e-04
1.460775919221339115e-04
1.258514638098384480e-04
1.573143297622980397e-04
1.370882016500025763e-04
1.370882016500025763e-04
1.258514638098384480e-04
9.214125028934599547e-05
1.258514638098384480e-04
1.280988113778712683e-04
1.101200308336086386e-04
1.438302443541010641e-04
8.989390272131317524e-05
1.370882016500025763e-04
1.280988113778712683e-04
1.280988113778712683e-04
1.370882016500025763e-04
1.370882016500025763e-04
1.393355492180354236e-04
1.056253356975429711e-04
1.258514638098384480e-04
1.146147259696742927e-04
1.258514638098384480e-04
1.505722870581995519e-04
1.258514638098384480e-04
1.236041162418056007e-04
1.280988113778712683e-04
1.348408540819697561e-04
1.123673784016414589e-04
1.348408540819697561e-04
1.707984151704950153e-04
1.168620735377071265e-04
1.393355492180354236e-04
1.101200308336086386e-04
1.415828967860682439e-04
1.348408540819697561e-04
1.370882016500025763e-04
1.146147259696742927e-04
1.101200308336086386e-04
1.303461589459040885e-04
1.101200308336086386e-04
1.056253356975429711e-04
1.303461589459040885e-04
1.415828967860682439e-04
1.191094211057399467e-04
1.191094211057399467e-04
1.213567686737727805e-04
1.236041162418056007e-04
1.236041162418056007e-04
1.213567686737727805e-04
1.236041162418056007e-04
1.146147259696742927e-04
1.348408540819697561e-04
1.191094211057399467e-04
1.123673784016414589e-04
1.101200308336086386e-04
1.258514638098384480e-04
1.168620735377071265e-04
1.280988113778712683e-04
1.348408540819697561e-04
8.539920758524750766e-05
1.325935065139369358e-04
1.303461589459040885e-04
1.280988113778712683e-04
1.280988113778712683e-04
1.438302443541010641e-04
1.393355492180354236e-04
1.280988113778712683e-04
1.236041162418056007e-04
1.168620735377071265e-04
9.888329299344448327e-05
1.303461589459040885e-04
1.056253356975429711e-04
1.258514638098384480e-04
1.078726832655758049e-04
1.483249394901667317e-04
1.573143297622980397e-04
1.370882016500025763e-04
1.236041162418056007e-04
1.325935065139369358e-04
1.258514638098384480e-04
1.123673784016414589e-04
1.303461589459040885e-04
1.325935065139369358e-04
1.123673784016414589e-04
1.191094211057399467e-04
1.191094211057399467e-04
1.236041162418056007e-04
1.303461589459040885e-04
1.123673784016414589e-04
1.348408540819697561e-04
8.989390272131317524e-05
1.370882016500025763e-04
8.764655515328034145e-05
1.191094211057399467e-04
1.146147259696742927e-04
1.415828967860682439e-04
1.146147259696742927e-04
1.056253356975429711e-04
1.101200308336086386e-04
6.067838433688639023e-05
1.101200308336086386e-04
1.483249394901667317e-04
1.191094211057399467e-04
1.438302443541010641e-04
1.168620735377071265e-04
1.303461589459040885e-04
1.168620735377071265e-04
1.415828967860682439e-04
1.280988113778712683e-04
1.123673784016414589e-04
1.101200308336086386e-04
1.415828967860682439e-04
1.258514638098384480e-04
1.370882016500025763e-04
1.258514638098384480e-04
9.438859785737882925e-05
1.123673784016414589e-04
8.989390272131317524e-05
1.011306405614773171e-04
1.213567686737727805e-04
1.370882016500025763e-04
1.258514638098384480e-04
8.989390272131317524e-05
1.078726832655758049e-04
1.438302443541010641e-04
1.146147259696742927e-04
1.325935065139369358e-04
1.191094211057399467e-04
1.078726832655758049e-04
1.101200308336086386e-04
1.505722870581995519e-04
1.213567686737727805e-04
1.303461589459040885e-04
1.438302443541010641e-04
1.258514638098384480e-04
1.168620735377071265e-04
1.348408540819697561e-04
1.236041162418056007e-04
1.438302443541010641e-04
1.236041162418056007e-04
1.258514638098384480e-04
1.168620735377071265e-04
1.078726832655758049e-04
1.348408540819697561e-04
1.258514638098384480e-04
1.280988113778712683e-04
1.303461589459040885e-04
1.303461589459040885e-04
1.168620735377071265e-04
9.438859785737882925e-05
1.236041162418056007e-04
1.348408540819697561e-04
1.011306405614773171e-04
1.191094211057399467e-04
1.078726832655758049e-04
1.213567686737727805e-04
1.078726832655758049e-04
1.056253356975429711e-04
3.371021352049243902e-05
1.325935065139369358e-04
1.056253356975429711e-04
1.280988113778712683e-04
1.033779881295101508e-04
1.415828967860682439e-04
1.123673784016414589e-04
1.258514638098384480e-04
1.146147259696742927e-04
1.056253356975429711e-04
1.303461589459040885e-04
9.214125028934599547e-05
8.539920758524750766e-05
1.236041162418056007e-04
9.663594542541166304e-05
1.325935065139369358e-04
1.101200308336086386e-04
1.191094211057399467e-04
1.348408540819697561e-04
1.303461589459040885e-04
1.168620735377071265e-04
9.888329299344448327e-05
1.146147259696742927e-04
1.280988113778712683e-04
1.213567686737727805e-04
1.056253356975429711e-04
1.168620735377071265e-04
8.764655515328034145e-05
1.146147259696742927e-04
1.236041162418056007e-04
4.944164649672224164e-05
1.011306405614773171e-04
1.078726832655758049e-04
1.213567686737727805e-04
1.146147259696742927e-04
9.438859785737882925e-05
1.146147259696742927e-04
1.123673784016414589e-04
9.663594542541166304e-05
1.348408540819697561e-04
1.056253356975429711e-04
1.415828967860682439e-04
1.123673784016414589e-04
9.438859785737882925e-05
1.236041162418056007e-04
1.011306405614773171e-04
1.168620735377071265e-04
1.011306405614773171e-04
1.123673784016414589e-04
1.123673784016414589e-04
1.146147259696742927e-04
1.258514638098384480e-04
3.595756108852526603e-05
1.123673784016414589e-04
1.033779881295101508e-04
9.438859785737882925e-05
1.033779881295101508e-04
1.280988113778712683e-04
1.236041162418056007e-04
1.101200308336086386e-04
1.236041162418056007e-04
1.078726832655758049e-04
1.213567686737727805e-04
9.888329299344448327e-05
1.033779881295101508e-04
1.258514638098384480e-04
1.213567686737727805e-04
1.168620735377071265e-04
9.663594542541166304e-05
9.888329299344448327e-05
1.236041162418056007e-04
9.438859785737882925e-05
9.888329299344448327e-05
1.123673784016414589e-04
1.078726832655758049e-04
1.011306405614773171e-04
1.303461589459040885e-04
1.011306405614773171e-04
1.213567686737727805e-04
1.101200308336086386e-04
1.101200308336086386e-04
1.123673784016414589e-04
1.370882016500025763e-04
1.078726832655758049e-04
1.056253356975429711e-04
1.258514638098384480e-04
1.123673784016414589e-04
8.764655515328034145e-05
9.888329299344448327e-05
1.078726832655758049e-04
1.236041162418056007e-04
1.101200308336086386e-04
1.168620735377071265e-04
1.146147259696742927e-04
1.325935065139369358e-04
1.101200308336086386e-04
1.146147259696742927e-04
1.303461589459040885e-04
1.056253356975429711e-04
9.438859785737882925e-05
9.888329299344448327e-05
1.078726832655758049e-04
1.033779881295101508e-04
1.168620735377071265e-04
1.101200308336086386e-04
1.146147259696742927e-04
1.146147259696742927e-04
9.438859785737882925e-05
1.146147259696742927e-04
1.078726832655758049e-04
1.056253356975429711e-04
9.888329299344448327e-05
1.056253356975429711e-04
1.011306405614773171e-04
9.663594542541166304e-05
1.123673784016414589e-04
1.056253356975429711e-04
1.101200308336086386e-04
1.280988113778712683e-04
7.416246974508336584e-05
9.663594542541166304e-05
1.146147259696742927e-04
1.168620735377071265e-04
7.416246974508336584e-05
1.213567686737727805e-04
1.213567686737727805e-04
1.101200308336086386e-04
8.315186001721468743e-05
1.011306405614773171e-04
1.168620735377071265e-04
1.033779881295101508e-04
1.213567686737727805e-04
1.213567686737727805e-04
1.191094211057399467e-04
1.101200308336086386e-04
1.101200308336086386e-04
1.168620735377071265e-04
1.236041162418056007e-04
1.415828967860682439e-04
1.056253356975429711e-04
1.123673784016414589e-04
7.191512217705053206e-05
1.033779881295101508e-04
1.123673784016414589e-04
9.438859785737882925e-05
1.123673784016414589e-04
9.888329299344448327e-05
1.033779881295101508e-04
8.989390272131317524e-05
9.214125028934599547e-05
9.214125028934599547e-05
1.078726832655758049e-04
9.438859785737882925e-05
8.315186001721468743e-05
9.888329299344448327e-05
1.213567686737727805e-04
1.236041162418056007e-04
1.146147259696742927e-04
1.280988113778712683e-04
1.011306405614773171e-04
1.011306405614773171e-04
1.078726832655758049e-04
9.888329299344448327e-05
1.213567686737727805e-04
1.123673784016414589e-04
1.370882016500025763e-04
1.101200308336086386e-04
9.888329299344448327e-05
1.146147259696742927e-04
1.033779881295101508e-04
8.090451244918185365e-05
8.989390272131317524e-05
1.056253356975429711e-04
1.236041162418056007e-04
8.090451244918185365e-05
1.033779881295101508e-04
1.101200308336086386e-04
1.078726832655758049e-04
1.033779881295101508e-04
1.056253356975429711e-04
1.056253356975429711e-04
9.663594542541166304e-05
1.056253356975429711e-04
1.213567686737727805e-04
1.033779881295101508e-04
1.101200308336086386e-04
1.078726832655758049e-04
1.011306405614773171e-04
1.168620735377071265e-04
8.764655515328034145e-05
1.078726832655758049e-04
1.078726832655758049e-04
8.090451244918185365e-05
9.663594542541166304e-05
1.033779881295101508e-04
9.888329299344448327e-05
8.539920758524750766e-05
1.011306405614773171e-04
4.494695136065658762e-05
9.438859785737882925e-05
9.438859785737882925e-05
1.078726832655758049e-04
8.539920758524750766e-05
8.315186001721468743e-05
1.056253356975429711e-04
9.663594542541166304e-05
9.438859785737882925e-05
1.236041162418056007e-04
1.258514638098384480e-04
9.214125028934599547e-05
7.191512217705053206e-05
1.146147259696742927e-04
9.438859785737882925e-05
9.438859785737882925e-05
8.090451244918185365e-05
9.438859785737882925e-05
1.033779881295101508e-04
1.191094211057399467e-04
5.843103676885356323e-05
8.989390272131317524e-05
1.033779881295101508e-04
9.888329299344448327e-05
8.764655515328034145e-05
1.101200308336086386e-04
1.191094211057399467e-04
1.280988113778712683e-04
1.056253356975429711e-04
8.090451244918185365e-05
1.033779881295101508e-04
9.214125028934599547e-05
9.438859785737882925e-05
9.888329299344448327e-05
7.416246974508336584e-05
1.056253356975429711e-04
1.078726832655758049e-04
1.101200308336086386e-04
1.011306405614773171e-04
1.101200308336086386e-04
9.438859785737882925e-05
9.663594542541166304e-05
8.764655515328034145e-05
9.663594542541166304e-05
1.033779881295101508e-04
9.888329299344448327e-05
8.989390272131317524e-05
9.663594542541166304e-05
1.011306405614773171e-04
1.168620735377071265e-04
8.764655515328034145e-05
8.989390272131317524e-05
1.101200308336086386e-04
8.090451244918185365e-05
1.101200308336086386e-04
8.315186001721468743e-05
9.888329299344448327e-05
1.056253356975429711e-04
9.663594542541166304e-05
1.078726832655758049e-04
8.315186001721468743e-05
9.214125028934599547e-05
9.888329299344448327e-05
8.764655515328034145e-05
9.438859785737882925e-05
9.438859785737882925e-05
8.764655515328034145e-05
9.663594542541166304e-05
1.056253356975429711e-04
6.067838433688639023e-05
1.056253356975429711e-04
9.888329299344448327e-05
9.663594542541166304e-05
8.764655515328034145e-05
7.865716488114901986e-05
9.438859785737882925e-05
8.989390272131317524e-05
7.640981731311619963e-05
9.888329299344448327e-05
9.888329299344448327e-05
8.764655515328034145e-05
8.539920758524750766e-05
1.236041162418056007e-04
9.438859785737882925e-05
6.292573190491922402e-05
1.056253356975429711e-04
6.966777460901771182e-05
1.101200308336086386e-04
9.438859785737882925e-05
9.438859785737882925e-05
1.123673784016414589e-04
9.663594542541166304e-05
9.663594542541166304e-05
9.438859785737882925e-05
1.033779881295101508e-04
8.764655515328034145e-05
8.989390272131317524e-05
1.056253356975429711e-04
8.764655515328034145e-05
6.067838433688639023e-05
1.101200308336086386e-04
1.011306405614773171e-04
6.292573190491922402e-05
8.764655515328034145e-05
9.438859785737882925e-05
9.438859785737882925e-05
9.663594542541166304e-05
1.101200308336086386e-04
1.033779881295101508e-04
1.168620735377071265e-04
9.663594542541166304e-05
1.213567686737727805e-04
9.214125028934599547e-05
7.416246974508336584e-05
7.640981731311619963e-05
1.078726832655758049e-04
8.090451244918185365e-05
9.438859785737882925e-05
1.011306405614773171e-04
7.191512217705053206e-05
1.078726832655758049e-04
1.101200308336086386e-04
7.865716488114901986e-05
8.539920758524750766e-05
1.078726832655758049e-04
1.011306405614773171e-04
7.416246974508336584e-05
8.090451244918185365e-05
8.090451244918185365e-05
8.539920758524750766e-05
1.280988113778712683e-04
1.078726832655758049e-04
1.033779881295101508e-04
7.865716488114901986e-05
8.539920758524750766e-05
1.078726832655758049e-04
1.033779881295101508e-04
1.123673784016414690e-05
1.146147259696742927e-04
1.101200308336086386e-04
9.214125028934599547e-05
1.056253356975429711e-04
1.123673784016414589e-04
8.539920758524750766e-05
8.989390272131317524e-05
1.011306405614773171e-04
7.191512217705053206e-05
7.640981731311619963e-05
8.315186001721468743e-05
9.663594542541166304e-05
9.214125028934599547e-05
9.214125028934599547e-05
1.146147259696742927e-04
8.315186001721468743e-05
1.011306405614773171e-04
1.123673784016414589e-04
9.888329299344448327e-05
3.146286595245961201e-05
9.214125028934599547e-05
1.056253356975429711e-04
9.214125028934599547e-05
1.011306405614773171e-04
8.764655515328034145e-05
8.315186001721468743e-05
8.764655515328034145e-05
7.416246974508336584e-05
7.416246974508336584e-05
8.764655515328034145e-05
8.989390272131317524e-05
7.416246974508336584e-05
1.078726832655758049e-04
9.438859785737882925e-05
8.090451244918185365e-05
9.663594542541166304e-05
9.663594542541166304e-05
9.663594542541166304e-05
8.315186001721468743e-05
8.090451244918185365e-05
8.764655515328034145e-05
6.966777460901771182e-05
4.944164649672224164e-05
8.315186001721468743e-05
8.539920758524750766e-05
9.214125028934599547e-05
9.663594542541166304e-05
8.764655515328034145e-05
8.315186001721468743e-05
7.865716488114901986e-05
1.011306405614773171e-04
9.438859785737882925e-05
6.966777460901771182e-05
7.640981731311619963e-05
7.416246974508336584e-05
9.888329299344448327e-05
8.989390272131317524e-05
9.888329299344448327e-05
1.033779881295101508e-04
7.640981731311619963e-05
7.416246974508336584e-05
5.618368920082072944e-05
8.539920758524750766e-05
8.989390272131317524e-05
8.539920758524750766e-05
1.123673784016414589e-04
9.438859785737882925e-05
9.663594542541166304e-05
8.989390272131317524e-05
5.843103676885356323e-05
8.315186001721468743e-05
8.764655515328034145e-05
1.078726832655758049e-04
6.742042704098487804e-05
8.315186001721468743e-05
7.640981731311619963e-05
8.989390272131317524e-05
8.315186001721468743e-05
8.090451244918185365e-05
6.966777460901771182e-05
9.438859785737882925e-05
9.438859785737882925e-05
4.944164649672224164e-05
8.539920758524750766e-05
9.438859785737882925e-05
9.663594542541166304e-05
6.742042704098487804e-05
8.989390272131317524e-05
8.764655515328034145e-05
9.438859785737882925e-05
9.888329299344448327e-05
6.067838433688639023e-05
7.191512217705053206e-05
7.191512217705053206e-05
8.989390272131317524e-05
6.067838433688639023e-05
9.214125028934599547e-05
8.764655515328034145e-05
6.742042704098487804e-05
8.315186001721468743e-05
6.742042704098487804e-05
8.315186001721468743e-05
5.843103676885356323e-05
8.090451244918185365e-05
8.315186001721468743e-05
1.101200308336086386e-04
9.214125028934599547e-05
7.416246974508336584e-05
8.090451244918185365e-05
8.764655515328034145e-05
8.539920758524750766e-05
3.595756108852526603e-05
8.539920758524750766e-05
6.742042704098487804e-05
8.764655515328034145e-05
8.989390272131317524e-05
7.416246974508336584e-05
8.989390272131317524e-05
8.539920758524750766e-05
1.056253356975429711e-04
7.640981731311619963e-05
8.315186001721468743e-05
1.033779881295101508e-04
6.966777460901771182e-05
8.539920758524750766e-05
6.292573190491922402e-05
5.168899406475507542e-05
8.989390272131317524e-05
9.214125028934599547e-05
8.090451244918185365e-05
9.438859785737882925e-05
7.865716488114901986e-05
9.438859785737882925e-05
7.640981731311619963e-05
8.315186001721468743e-05
7.865716488114901986e-05
2.921551838442678161e-05
3.820490865655809981e-05
1.056253356975429711e-04
7.416246974508336584e-05
8.989390272131317524e-05
7.640981731311619963e-05
9.663594542541166304e-05
8.090451244918185365e-05
6.966777460901771182e-05
8.764655515328034145e-05
7.640981731311619963e-05
9.888329299344448327e-05
8.989390272131317524e-05
6.966777460901771182e-05
7.865716488114901986e-05
8.315186001721468743e-05
8.764655515328034145e-05
8.090451244918185365e-05
8.315186001721468743e-05
8.989390272131317524e-05
9.663594542541166304e-05
7.191512217705053206e-05
6.966777460901771182e-05
8.989390272131317524e-05
9.663594542541166304e-05
7.416246974508336584e-05
9.438859785737882925e-05
6.067838433688639023e-05
7.191512217705053206e-05
9.214125028934599547e-05
8.090451244918185365e-05
5.618368920082072944e-05
9.888329299344448327e-05
8.764655515328034145e-05
9.214125028934599547e-05
7.640981731311619963e-05
8.539920758524750766e-05
8.090451244918185365e-05
8.090451244918185365e-05
8.315186001721468743e-05
9.663594542541166304e-05
6.292573190491922402e-05
8.989390272131317524e-05
6.966777460901771182e-05
1.123673784016414589e-04
8.315186001721468743e-05
7.416246974508336584e-05
8.764655515328034145e-05
8.090451244918185365e-05
8.764655515328034145e-05
8.539920758524750766e-05
6.742042704098487804e-05
1.033779881295101508e-04
7.416246974508336584e-05
7.191512217705053206e-05
8.989390272131317524e-05
8.315186001721468743e-05
6.517307947295204425e-05
8.764655515328034145e-05
7.416246974508336584e-05
4.719429892868941463e-05
8.989390272131317524e-05
6.742042704098487804e-05
9.214125028934599547e-05
8.989390272131317524e-05
8.539920758524750766e-05
8.315186001721468743e-05
7.416246974508336584e-05
9.214125028934599547e-05
8.989390272131317524e-05
2.022612811229546341e-05
8.090451244918185365e-05
8.090451244918185365e-05
7.640981731311619963e-05
7.416246974508336584e-05
8.539920758524750766e-05
6.966777460901771182e-05
8.539920758524750766e-05
6.292573190491922402e-05
7.640981731311619963e-05
7.416246974508336584e-05
7.416246974508336584e-05
4.494695136065658762e-05
9.214125028934599547e-05
6.517307947295204425e-05
9.438859785737882925e-05
7.865716488114901986e-05
6.966777460901771182e-05
8.539920758524750766e-05
8.090451244918185365e-05
5.618368920082072944e-05
6.517307947295204425e-05
7.865716488114901986e-05
7.865716488114901986e-05
8.764655515328034145e-05
6.067838433688639023e-05
8.090451244918185365e-05
6.517307947295204425e-05
7.416246974508336584e-05
8.539920758524750766e-05
8.315186001721468743e-05
7.640981731311619963e-05
9.663594542541166304e-05
8.539920758524750766e-05
6.292573190491922402e-05
8.989390272131317524e-05
9.214125028934599547e-05
7.416246974508336584e-05
7.191512217705053206e-05
8.764655515328034145e-05
7.865716488114901986e-05
6.517307947295204425e-05
7.416246974508336584e-05
7.640981731311619963e-05
7.865716488114901986e-05
7.640981731311619963e-05
6.517307947295204425e-05
8.989390272131317524e-05
6.517307947295204425e-05
6.292573190491922402e-05
7.416246974508336584e-05
7.191512217705053206e-05
6.517307947295204425e-05
6.742042704098487804e-05
6.517307947295204425e-05
6.966777460901771182e-05
9.214125028934599547e-05
9.888329299344448327e-05
7.865716488114901986e-05
6.966777460901771182e-05
8.764655515328034145e-05
7.640981731311619963e-05
5.393634163278790243e-05
7.865716488114901986e-05
8.090451244918185365e-05
9.438859785737882925e-05
6.292573190491922402e-05
1.033779881295101508e-04
8.989390272131317524e-05
7.191512217705053206e-05
5.843103676885356323e-05
6.292573190491922402e-05
7.640981731311619963e-05
8.539920758524750766e-05
8.090451244918185365e-05
6.966777460901771182e-05
5.843103676885356323e-05
9.214125028934599547e-05
7.640981731311619963e-05
9.438859785737882925e-05
1.033779881295101508e-04
1.033779881295101508e-04
9.888329299344448327e-05
8.539920758524750766e-05
7.191512217705053206e-05
9.438859785737882925e-05
7.865716488114901986e-05
6.966777460901771182e-05
6.966777460901771182e-05
6.067838433688639023e-05
6.742042704098487804e-05
6.292573190491922402e-05
5.168899406475507542e-05
7.416246974508336584e-05
7.191512217705053206e-05
6.517307947295204425e-05
6.966777460901771182e-05
7.640981731311619963e-05
7.640981731311619963e-05
7.416246974508336584e-05
5.843103676885356323e-05
5.168899406475507542e-05
6.966777460901771182e-05
7.416246974508336584e-05
8.989390272131317524e-05
7.416246974508336584e-05
7.416246974508336584e-05
6.292573190491922402e-05
6.067838433688639023e-05
6.292573190491922402e-05
7.191512217705053206e-05
8.539920758524750766e-05
8.539920758524750766e-05
5.168899406475507542e-05
8.090451244918185365e-05
7.191512217705053206e-05
5.393634163278790243e-05
4.045225622459092682e-05
8.090451244918185365e-05
8.090451244918185365e-05
6.517307947295204425e-05
1.011306405614773171e-04
8.315186001721468743e-05
6.966777460901771182e-05
8.315186001721468743e-05
6.742042704098487804e-05
7.191512217705053206e-05
6.292573190491922402e-05
6.742042704098487804e-05
8.315186001721468743e-05
8.539920758524750766e-05
7.865716488114901986e-05
8.764655515328034145e-05
6.517307947295204425e-05
6.966777460901771182e-05
5.393634163278790243e-05
4.719429892868941463e-05
4.269960379262375383e-05
8.764655515328034145e-05
6.742042704098487804e-05
7.640981731311619963e-05
6.517307947295204425e-05
7.416246974508336584e-05
5.393634163278790243e-05
5.618368920082072944e-05
6.966777460901771182e-05
9.888329299344448327e-05
6.517307947295204425e-05
7.640981731311619963e-05
9.438859785737882925e-05
8.090451244918185365e-05
5.393634163278790243e-05
8.315186001721468743e-05
8.315186001721468743e-05
8.090451244918185365e-05
5.843103676885356323e-05
4.944164649672224164e-05
6.742042704098487804e-05
9.888329299344448327e-05
4.719429892868941463e-05
7.191512217705053206e-05
6.292573190491922402e-05
5.843103676885356323e-05
7.416246974508336584e-05
7.191512217705053206e-05
7.865716488114901986e-05
6.742042704098487804e-05
4.494695136065658762e-05
6.966777460901771182e-05
6.966777460901771182e-05
7.416246974508336584e-05
8.764655515328034145e-05
6.517307947295204425e-05
5.168899406475507542e-05
6.966777460901771182e-05
7.191512217705053206e-05
